0
0
0
0
0
0
0
0
0
0
0
0
0
0
0
0
0
0
0
0
0
0
0
0
0
0
0
0
0
0
0
0
0
0
0
0
0
0
0
0
0
0
0
0
0
0
0
-2.90899340350427e-005
-2.498922539594069e-005
-2.267667473019035e-005
-1.638840628326269e-005
-8.736810797076494e-006
4.940900884509846e-007
7.419777675511649e-006
1.686401314775087e-005
2.27616760652731e-005
2.568970133995195e-005
3.160241852685606e-005
2.639923373507995e-005
2.782095375673807e-005
2.725603707771708e-005
2.635251531458753e-005
2.306227010066283e-005
1.816627099928137e-005
1.462220064309129e-005
1.381784610440579e-005
1.203523031412194e-005
7.486757110568112e-006
5.343061227752181e-006
1.887831783641166e-006
1.244330910350584e-007
-1.423581995305256e-006
-4.961868248572172e-006
-5.515284130312399e-006
-9.505430201377705e-006
-1.283262874966641e-005
-1.496284219242858e-005
-1.593855642674864e-005
-1.879714276614385e-005
-2.439476751483549e-005
-2.84314365501537e-005
-2.725681035244568e-005
-3.258284229089761e-005
-2.867700295278405e-005
-2.411088579676983e-005
-2.30211558158586e-005
-1.505420564280496e-005
-1.12408940257169e-005
4.530393289766448e-006
8.421338344271723e-006
1.529719850557319e-005
2.492558609411461e-005
2.809824342673145e-005
2.648723119700968e-005
-5.795812375273082e-005
-5.068784499951318e-005
-4.54197874898863e-005
-3.722401068632459e-005
-1.743688262207965e-005
7.130688608905496e-007
1.824567594047576e-005
3.263846160603068e-005
4.617511138605693e-005
5.328503175854145e-005
6.179619303937431e-005
5.27984674701599e-005
5.721732381439706e-005
5.441859908281543e-005
5.233462711450008e-005
4.568935650713066e-005
3.633254199856274e-005
2.924440128618257e-005
2.760809448912591e-005
2.074093675280008e-005
1.497351422113623e-005
9.450327948003775e-006
4.480150233034568e-006
2.488661820700973e-007
-2.847163990610511e-006
-9.923736497144345e-006
-1.235275393263469e-005
-1.882287734091545e-005
-2.5551454862583e-005
-2.992568438485717e-005
-3.187711285349728e-005
-3.75942855322877e-005
-4.594146925617039e-005
-5.676500797697359e-005
-5.544374735207257e-005
-6.516568458179521e-005
-5.73540059055681e-005
-5.290234790411002e-005
-4.619252457825645e-005
-3.010841128560991e-005
-2.24817880514338e-005
9.060786579532895e-006
1.463343600309531e-005
3.4078917802532e-005
5.083589699209391e-005
5.625634322796269e-005
5.297446239401937e-005
-8.682631347041897e-005
-7.638646460308571e-005
-7.017354534301175e-005
-5.309983475775669e-005
-2.644018290343049e-005
2.345251534069671e-006
2.891439645348655e-005
4.737508744836566e-005
6.958854670684088e-005
8.088036217713102e-005
9.158531096459289e-005
7.919770120523986e-005
8.661369387205602e-005
8.158116108791364e-005
7.617598972768618e-005
6.544386391786521e-005
5.477030832457292e-005
4.430927942750505e-005
4.139527431871011e-005
2.94466431914784e-005
2.18824752504286e-005
1.355759466825535e-005
7.391090977869929e-006
3.732992731051612e-007
-5.342381085648097e-006
-1.406584132752271e-005
-1.957427329791522e-005
-2.787039910818167e-005
-3.783760206550055e-005
-4.502991464782037e-005
-5.123637148493701e-005
-5.867418420637258e-005
-7.010236423394775e-005
-8.503095492803297e-005
-8.590710180436412e-005
-9.555578316072639e-005
-8.603100885835218e-005
-8.248375881178779e-005
-6.936389334065427e-005
-4.516261692841488e-005
-2.78352261674735e-005
3.758809417661561e-006
2.279699126190334e-005
5.213525942715602e-005
7.705997314582749e-005
8.441444302919523e-005
7.946169359102906e-005
-0.0001163901335726383
-0.0001060209590779554
-9.700950153317222e-005
-6.989387972805079e-005
-3.598819995549229e-005
1.609739524180021e-006
3.932949126306513e-005
6.559965838201619e-005
9.300198202762472e-005
0.0001072176787481987
0.0001213744288898114
0.0001102216743449782
0.000116010063929715
0.0001096003324715138
0.0001000173523408717
8.519837132859955e-005
7.429133052578933e-005
6.082784856041042e-005
5.424485351161874e-005
3.838578365695454e-005
2.924232754404853e-005
1.778964413207251e-005
1.051280203317142e-005
4.977323641402002e-007
-8.133862377336217e-006
-1.869392185653933e-005
-2.736044035426113e-005
-3.56157157636873e-005
-4.826903408422764e-005
-6.129816022678655e-005
-7.061001536628133e-005
-7.977047508514125e-005
-9.568322024158316e-005
-0.0001132969018790917
-0.0001159731273467022
-0.0001257100910096781
-0.0001159002521876992
-0.0001116071962386096
-9.509319743203782e-005
-5.994309389097687e-005
-3.711800866102523e-005
-1.563979551321102e-006
3.467647080720966e-005
6.829719218652684e-005
9.726582933093329e-005
0.0001125725428304265
0.0001062656445440419
-0.0001477817882402104
-0.0001362438969264428
-0.0001220176529785776
-8.549914676095162e-005
-4.521322433493996e-005
-1.619055301968318e-006
4.928377909783937e-005
8.405697175657661e-005
0.0001155457196527272
0.0001327796814079599
0.000152747343600228
0.0001418377217474562
0.0001444883676038662
0.0001418095728208932
0.0001221385062695746
0.0001072207498998774
9.275903142394367e-005
7.849862447126938e-005
6.637170015021209e-005
4.911599467114721e-005
3.660451052418364e-005
2.238114093037862e-005
1.394153980916997e-005
6.221654551752584e-007
-1.030546155747355e-005
-2.360769295203636e-005
-3.514660741060695e-005
-4.386487304422698e-005
-6.081968081903124e-005
-7.814885470795514e-005
-8.99836592476252e-005
-0.0001022422498728084
-0.0001212640762492186
-0.0001414450463323778
-0.0001456305848861417
-0.000155680555214374
-0.0001472894519089471
-0.0001394011866429623
-0.0001215135758235028
-7.288191518853315e-005
-4.71244956792111e-005
-4.279366264703834e-006
4.491988080288174e-005
8.445912494589766e-005
0.0001159327015313216
0.0001407965266738307
0.0001376288963408598
-0.0001791734429077826
-0.0001664668347749302
-0.0001441125625759888
-0.00010377869491292
-5.51444737010896e-005
-6.075508354100726e-006
5.491077233044941e-005
0.0001019843577764519
0.0001371813062533313
0.000162535607192714
0.0001841791717228357
0.0001734537691499342
0.0001728251597906771
0.0001733992232910248
0.0001439143440801937
0.0001298697155410314
0.000110965092032278
9.559099647810454e-005
7.849854678880546e-005
5.96868552836574e-005
4.405766722403591e-005
2.697263772868474e-005
1.678507133703461e-005
7.465985462103168e-007
-1.245805524781965e-005
-2.909021700581856e-005
-4.271680120167488e-005
-5.394853647025895e-005
-7.507950258432263e-005
-9.50011252060891e-005
-0.0001093573031289691
-0.000125156358722301
-0.0001454473059622653
-0.0001686861842524864
-0.0001752880424255812
-0.0001849617005447208
-0.0001786786516301951
-0.0001680880754555346
-0.0001438417486961439
-9.316275694230251e-005
-5.713098269739696e-005
-5.395655467651262e-006
5.480682806108315e-005
0.0001033917478224593
0.0001345995737317099
0.0001694008782925047
0.0001689921481376779
-0.0002105650975753547
-0.0001968574557034706
-0.0001660348186165007
-0.0001232943644209593
-6.447717580618131e-005
-3.275023380276874e-006
6.359320571537789e-005
0.0001149878763769442
0.0001684762671018259
0.0001927873216932145
0.0002159902195789766
0.0002050698165524123
0.0002011619519774876
0.0002045779756835072
0.000166889661480339
0.0001525186811821856
0.0001291026088486723
0.0001126833684849397
8.964429881780718e-005
6.979098164196132e-005
5.173973104360144e-005
3.076371896338272e-005
1.829207882388481e-005
-2.668174526103784e-007
-1.461064893816574e-005
-3.480594293093183e-005
-5.091483863034141e-005
-6.403925586805195e-005
-8.726784961509958e-005
-0.0001113708024892984
-0.0001279365476686773
-0.0001479704167887509
-0.0001716701913661528
-0.0001965240587515315
-0.0002055984496650538
-0.0002138606319832479
-0.0002100678513514417
-0.0001967749642681079
-0.0001654207031279962
-0.000115021899207411
-6.235495037860889e-005
-6.511944670598522e-006
6.601385605746566e-005
0.0001227148706484209
0.000153768042533994
0.0001994666290737567
0.0002003553999344934
-0.0002419567522429269
-0.0002279457849131006
-0.0001942344524883957
-0.0001435097299649933
-7.380987791127304e-005
2.870502000368925e-007
7.432127527350174e-005
0.0001281496398326166
0.0001997712279503203
0.0002247674105149243
0.0002498677075820698
0.0002382026958714685
0.0002297266919658975
0.0002353269478261712
0.0001933185060609907
0.0001750450989639998
0.000147220696439813
0.0001269142923608152
0.0001004590808896745
7.989510800026545e-005
5.771013716751629e-005
3.577159723528075e-005
1.97379300943138e-005
-2.102622460274377e-007
-1.676324262851177e-005
-3.900054677822495e-005
-5.827020578217041e-005
-7.413493496363096e-005
-9.853461615934143e-005
-0.0001251554662874907
-0.0001497488149604015
-0.0001637139663117431
-0.0001983222431266886
-0.0002243619332505741
-0.0002392863980133738
-0.0002428612480842082
-0.0002443018811661496
-0.0002296175737769839
-0.0001907517000369014
-0.0001368810414725186
-7.542233769220705e-005
-7.628233873546123e-006
7.912531112267595e-005
0.0001427377677412285
0.0001815390550303369
0.0002295323798550087
0.0002321200882519528
-0.0002721485828687017
-0.0002590341141227306
-0.0002207146025230596
-0.0001640433310433349
-8.648753189623647e-005
-1.673441362402734e-006
8.504934483162562e-005
0.0001503407616806959
0.000231066188798815
0.0002581468845246607
0.0002816651857527656
0.0002742288581347323
0.0002611534307153525
0.0002656809249582589
0.0002197473506416424
0.0001970444207760262
0.000165211255571726
0.0001419408504159875
0.0001118307994356901
9.002428368586961e-005
6.368054329143102e-005
4.121889118375289e-005
1.979091274032313e-005
-1.537070394444637e-007
-1.927139523434575e-005
-4.319515062551777e-005
-6.5546860235647e-005
-8.423061405920939e-005
-0.0001098013827035833
-0.0001389401300856833
-0.000171555806924804
-0.000179457515834733
-0.0002250680761435714
-0.0002521998077496192
-0.0002753054080603724
-0.0002732342190817601
-0.0002816010809666488
-0.0002638997437851186
-0.0002201507573040153
-0.0001587401837376272
-8.809593179014499e-005
-5.284401132870276e-006
8.972626700634833e-005
0.0001638232850170299
0.0002125966717151348
0.0002587064486608194
0.0002670385765211362
-0.0003036634738074879
-0.0002901224433323607
-0.0002455809587701912
-0.0001845769321216765
-0.0001010521283187612
-6.795323383470436e-006
9.491062903559863e-005
0.0001731091175932223
0.0002616025914933393
0.0002929902674106027
0.0003118972311767669
0.0003102550203979955
0.0002941552380600275
0.0002922642579794606
0.000246176195222294
0.0002193624263972212
0.0001844878683253325
0.0001573981824494228
0.0001252716867953223
9.950486899176327e-005
7.070406796589181e-005
4.582460060037186e-005
2.168571437117097e-005
-9.715183286148515e-008
-2.233278317626387e-005
-4.738975447281083e-005
-7.282351468912459e-005
-9.43262931547877e-005
-0.0001210681492478253
-0.0001527247938838754
-0.0001924404217759171
-0.0001970028181192537
-0.000252138300455445
-0.0002797058677578933
-0.0003113244181073736
-0.0003036071900793132
-0.0003189002807671463
-0.0002975921692186806
-0.0002495498145711291
-0.0001816817237870932
-0.0001005565622501845
-7.215110680286464e-008
0.0001003272228900209
0.0001849088022928317
0.0002439319237435721
0.0002839414811190233
0.0003019570647903195
-0.0003351245616364596
-0.0003212107725419907
-0.0002759645931087187
-0.0002056326769544947
-0.0001113366452576858
-9.363681617882506e-006
0.0001005838376354134
0.0001958774735057487
0.0002851694725535292
0.0003278784403344231
0.0003427089548874997
0.0003451701257953015
0.0003271570454047024
0.0003186331016743168
0.0002706035328481141
0.0002416804320184161
0.0002031790840792029
0.0001728555144828582
0.0001388348509751378
0.0001085895520946996
7.818174728880937e-005
4.910735646618514e-005
2.417069198609298e-005
-6.702328706510166e-007
-2.468968400084429e-005
-5.158435832010387e-005
-8.01001691426022e-005
-0.0001056282792743029
-0.0001327471983949728
-0.0001683863012158365
-0.0002131351581931529
-0.0002168367954607897
-0.0002806323633055933
-0.0003051814873859954
-0.0003437776512226194
-0.0003339801610768665
-0.0003540254926260286
-0.0003266295726038903
-0.0002789488718382429
-0.0002046724491971674
-0.0001110769382316282
1.370457251245816e-006
0.0001120773220066066
0.0002071616016373675
0.0002749634807932322
0.0003117014444744259
0.0003368755530595029
-0.0003665856494654316
-0.0003506699708325866
-0.0003082942283379905
-0.0002267352808422018
-0.0001183555742689415
-3.837706739895011e-006
0.0001062570462352281
0.0002186458294182749
0.0003071906306016381
0.0003627666132582437
0.0003738137078400601
0.0003773563532896597
0.0003601588527493776
0.0003440715243321351
0.0002946714129600102
0.0002642975952130141
0.0002195100445920774
0.0001876321051741617
0.0001524062778348567
0.0001174826439038636
8.53960196128068e-005
5.333134719246916e-005
2.675892911767263e-005
-6.725561565117646e-007
-2.70137045733101e-005
-5.732533685557342e-005
-8.642257839811522e-005
-0.0001165832233048412
-0.0001456775914280584
-0.0001844899677107283
-0.0002324211752230314
-0.0002368840362466798
-0.0003057316993740097
-0.0003306571070140958
-0.0003746185083011903
-0.0003673556311124682
-0.0003851416581750106
-0.000354629503132846
-0.0003076902029350391
-0.0002209687108691155
-0.0001186720284956735
-1.133057175189124e-006
0.0001243951514196238
0.0002295191570649914
0.0003047445423469248
0.0003446831917060606
0.0003726061534757777
-0.0003980467372944034
-0.0003816850929779396
-0.000334101452795348
-0.0002473842264066806
-0.000128960226111869
1.688268138092499e-006
0.0001180062884007179
0.0002393274729945791
0.000329211788649747
0.00040000127205225
0.00040491846079262
0.0004108939346984817
0.0003910287423880403
0.0003715890996750476
0.0003187269581168988
0.0002836166340616736
0.0002358410051049526
0.0002027671002031817
0.0001652647416074156
0.0001263757357130277
9.099604114479502e-005
5.869318202616032e-005
2.894776142611717e-005
-6.664800101625994e-008
-2.933772514577578e-005
-6.145188826541354e-005
-9.230291140062185e-005
-0.0001274541941490384
-0.0001590461816362936
-0.000199286907703635
-0.000248329870295178
-0.0002569312770325683
-0.000328970974664966
-0.0003580116716250156
-0.0004074099250628357
-0.0004067812207479057
-0.0004162578237239952
-0.0003887069622715802
-0.0003362489574792218
-0.0002356637950244935
-0.0001262671187597203
-3.636571601625185e-006
0.000136712980832641
0.0002518767124926151
0.0003345256039006132
0.0003782548147375317
0.0004091226974909238
-0.0004351278320470169
-0.0004214425678139346
-0.0003632948053093962
-0.0002674516368051422
-0.0001404865362745235
2.232767960090837e-006
0.0001357227880113826
0.0002558060426149726
0.0003512329466978559
0.0004366859598560936
0.0004360232137451803
0.0004470094146838056
0.0004218363505291905
0.0003991066750179611
0.0003446181866721172
0.000302666190513149
0.0002549119750642509
0.0002180565047779264
0.0001752065027020452
0.0001350696645810282
9.777020880983301e-005
6.311922878622558e-005
3.113659373456167e-005
5.392601544792938e-007
-3.10809602462546e-005
-6.480960951220508e-005
-0.0001004903610160153
-0.0001379868592692329
-0.000172452065085082
-0.0002139898109784711
-0.0002642385653673255
-0.0002769785178184585
-0.0003522102499559222
-0.00038911806706626
-0.0004392004004993497
-0.0004478772829563863
-0.0004473739892729767
-0.000424906045277623
-0.0003648077120234072
-0.0002561604467546441
-0.0001288305681105992
-6.134334754458682e-006
0.0001492296691667501
0.0002742342679202391
0.0003643066654543059
0.0004143327918440524
0.0004454795044526354
-0.0004729125616741806
-0.0004612000426499294
-0.0003946173741439532
-0.0002875190472036038
-0.0001518744328543999
1.325907684404742e-006
0.000153040131300156
0.0002835746737342723
0.0003804564108897657
0.0004733706476599362
0.0004671279666977403
0.0004823319498784409
0.00045563560096793
0.000425640713516589
0.0003715948224659565
0.0003219872499530665
0.0002740104440542866
0.000233345909352671
0.0001879681015860034
0.0001441356195036999
0.0001049071507883744
6.695558604735339e-005
3.366520036042333e-005
6.525692606516887e-008
-3.234568277159568e-005
-6.816733075899672e-005
-0.000108805657150597
-0.0001468651108386832
-0.0001858579485338705
-0.0002286927142533091
-0.0002801472604394737
-0.0003005445639117195
-0.0003765080156363467
-0.0004218015382817001
-0.0004709908759358648
-0.0004889733451648704
-0.0004784507303641748
-0.0004611051282836633
-0.0003933664665675936
-0.0002766900890129074
-0.0001390181542630052
-7.231984303331108e-006
0.000159754273344578
0.0002965918233478617
0.0003950776986167308
0.0004506069685693069
0.0004839194701110054
-0.0005106972913013444
-0.0005007825108189977
-0.0004269241547099769
-0.0003138700365137601
-0.0001628204480941567
1.208476767840667e-005
0.0001643319375778383
0.000311909062966489
0.0004132111382586637
0.0005100553354637793
0.0005072924143794015
0.0005170650852201999
0.0004898021995532923
0.0004518654049727176
0.0003993224939807653
0.0003437479497306357
0.0002926694110025964
0.0002486057005278066
0.0002007297004699617
0.0001534841856467931
0.0001127012702140789
7.140815408916709e-005
3.737881739954621e-005
4.904639573856141e-007
-3.456634265746483e-005
-7.351018249046887e-005
-0.0001171209532851787
-0.0001562589437870654
-0.0001966459214720265
-0.0002433306350414695
-0.0002960559555116202
-0.0003296103808577962
-0.0004017824488324467
-0.0004548184757066034
-0.0005002694926852281
-0.0005272144258062347
-0.00050952312442989
-0.0004987768056517475
-0.0004327984556317443
-0.0002972728761503605
-0.0001571268112879548
-6.633924165375546e-006
0.0001693998002132769
0.0003247940443224265
0.0004263726171941328
0.0004886466758165631
0.0005288992389963255
-0.000548482020928508
-0.0005357444928766379
-0.000459230935276001
-0.0003404908727710443
-0.0001771468182905607
2.284362767240851e-005
0.0001798451145774379
0.0003410058251476989
0.0004482891224573094
0.0005424003172726579
0.0005505914752118919
0.0005553048384369557
0.000526052280285604
0.0004828406554572083
0.0004270865709781241
0.000366014014546799
0.0003113283779509066
0.0002638109144983836
0.0002134912993539203
0.0001628327517898868
0.0001204953896397834
7.781634459406512e-005
3.969998737578262e-005
1.171471840828656e-006
-3.678800184536363e-005
-7.981413470453941e-005
-0.0001243123387441918
-0.0001656527767354476
-0.0002091049916744984
-0.0002568999586017264
-0.0003121668429312487
-0.0003586761978038749
-0.0004270568820285468
-0.000487962711120431
-0.0005319531721977847
-0.0005612777404720187
-0.0005463649052397642
-0.0005397441172543729
-0.0004710334668602455
-0.0003226472918910768
-0.000170951340639184
-3.244143317687836e-006
0.0001790453270819759
0.0003532472632039125
0.0004576675357715368
0.0005266863830638189
0.0005738790078816461
-0.0005873722219845713
-0.0005698537431913914
-0.0004915377158420249
-0.0003671117090283284
-0.0001935435397161235
1.761360524342897e-005
0.0001953582915770372
0.0003721188270007097
0.0004837324509544875
0.0005689859852405384
0.0005938905360443824
0.0005952161788371293
0.0005623023610179167
0.0005115240409946065
0.0004545387454889032
0.0003892060037640706
0.0003299873448992161
0.0002780648519761799
0.0002262528982378778
0.0001723027128983162
0.0001276283906593685
8.422453509896314e-005
4.134267507959243e-005
1.626470700788279e-006
-3.926154151267724e-005
-8.337583171119626e-005
-0.0001321087966357469
-0.0001738715664316574
-0.0002227474934801197
-0.0002715613341130643
-0.0003286510086073364
-0.0003876011895352867
-0.0004505685500074618
-0.0005097446930306031
-0.0005703005197519787
-0.0005953410551378024
-0.0005864484175357356
-0.0005807114288570014
-0.000509268478088741
-0.000354807277045194
-0.0001786419687268634
1.45637529999666e-007
0.0001886908539506761
0.0003817004820853955
0.0004889624543489384
0.0005635307120804952
0.0006182573577889272
-0.0006388621337038536
-0.0006035872573858692
-0.0005317370676141056
-0.0003937325452856126
-0.0002099402611416861
1.145762810582656e-005
0.0002089445010569816
0.0004032318288537204
0.0005333302186658117
0.0006036448701039199
0.0006277210893378738
0.0006351275192373043
0.0006004267090280512
0.0005402074265320049
0.0004801093226916614
0.0004107054357192591
0.000347859080821853
0.0002923996653653566
0.0002374363232863597
0.0001820730982941124
0.0001338277300802491
8.957898650500274e-005
4.20507842720047e-005
6.397346752979147e-007
-4.175655869595515e-005
-8.648346201699964e-005
-0.000139536719341297
-0.0001832416960887645
-0.0002357673286223396
-0.0002881613021927202
-0.0003461691131468369
-0.000406145104380933
-0.0004713477175630895
-0.0005301136412000317
-0.0006049472163787007
-0.0006313322692084369
-0.0006265319298317044
-0.0006172208235002912
-0.0005475034893172421
-0.0003869672621993121
-0.0001879654476339274
-3.892475803329651e-006
0.0001983363808193751
0.0004101537009668818
0.0005202573729263428
0.0005995428639811088
0.0006613640683225792
-0.0006889201311938266
-0.0006373207715803475
-0.0005740762399682154
-0.0004203533815428967
-0.0002249513840509693
7.80660727881526e-006
0.0002205556041286861
0.000434344830706732
0.0005770755447422604
0.0006479108983411325
0.0006663602726082594
0.0006742825060739429
0.0006388696535330029
0.0005688908120694033
0.00050551825669667
0.0004315925174387414
0.0003658038354769971
0.0003067344787545318
0.0002469552066676277
0.0001919331885049987
0.0001400563960995571
9.430470590495748e-005
4.282106107261349e-005
-3.470013501925427e-007
-4.425157587923305e-005
-9.016881349738055e-005
-0.0001468841834233311
-0.000193805188942331
-0.0002454475256267564
-0.0003047612702723783
-0.0003642693775539759
-0.000427197158626076
-0.0004977974316356746
-0.0005523807306729769
-0.0006352827698389743
-0.0006721142366808486
-0.0006666154421276767
-0.0006500862350302774
-0.0005857385005457376
-0.00041570208351809
-0.0002206186242632874
3.094921506623434e-006
0.0002199105583322643
0.0004386069198483555
0.000559002570384727
0.0006497254586085943
0.0007033678417374986
-0.0007370243909785799
-0.0006794005057343478
-0.0006142925836866707
-0.0004595713368859703
-0.0002385878802087582
5.762996966007047e-006
0.0002527587308686578
0.0004649603948897244
0.0006114867099911457
0.0006905355303762998
0.0007117085299226699
0.0007174070861926004
0.0006739558931704619
0.000597574197606802
0.0005290801904303633
0.0004534224162819533
0.0003837485901321411
0.0003200905120090342
0.0002564740900488949
0.0002021741422588653
0.0001464892296175247
9.912591085902465e-005
4.617197726080334e-005
-6.477050209686836e-007
-4.723760008832543e-005
-9.486836951515652e-005
-0.0001544496560529316
-0.0002023753408723586
-0.0002550575340036437
-0.0003164182614023257
-0.0003822871186341161
-0.0004482492128712189
-0.000524544705840463
-0.000579289253849561
-0.0006656754796011851
-0.0007132915241759368
-0.0007132152707442575
-0.0006996867229764018
-0.0006239735117742333
-0.0004498248795383392
-0.0002480395965323984
1.193796809884208e-005
0.0002397926521168749
0.0004701184059510209
0.0006051088140609232
0.000698604089434148
0.000745371615152418
-0.0007851286507633325
-0.0007254085566087062
-0.0006527790437159357
-0.0004987892922290438
-0.0002543793605569479
3.719386653198972e-006
0.0002849618576086295
0.0004942379860304997
0.0006458978752400305
0.0007350199081245116
0.0007570567872370799
0.0007608950623143765
0.0007067846474950728
0.0006262575831442
0.0005570661630859167
0.0004762702453723962
0.0004016933447872852
0.0003339618130730097
0.0002663467185691016
0.0002116135883821035
0.0001524180434771835
0.0001039274296695483
4.952289344899295e-005
-3.306215425536888e-007
-4.871719414061673e-005
-9.956792553293272e-005
-0.0001605466689754769
-0.0002099295819324636
-0.000264667542380532
-0.0003285462150033488
-0.0003996427034177113
-0.0004692574333878381
-0.0005512919800452515
-0.0006074574761403296
-0.00069938730677227
-0.000754468811671025
-0.000761777776704837
-0.0007518175944517369
-0.0006708432491677306
-0.0004859000426878926
-0.0002698806116901916
1.677141252768918e-005
0.0002596525648737801
0.0005016298920536835
0.0006509604638264236
0.0007444211797450529
0.0007873753885673288
-0.0008313942939563248
-0.0007714166074830663
-0.0006906067735591591
-0.0005380072475721175
-0.0002701708409051377
4.927304113315435e-006
0.0003095986124460056
0.0005235155771712754
0.0006952409520958396
0.0007930398790801786
0.0008024050445514922
0.0008035192783515114
0.0007396134018196869
0.0006580536027772084
0.0005850521357414719
0.0004978564977062463
0.0004186112604910078
0.0003485760590990495
0.0002779605882589765
0.0002206864721605667
0.0001571546008197798
0.0001073297755664857
5.287380963718252e-005
-2.079034522629474e-007
-5.003775315938185e-005
-0.0001042674815507084
-0.0001640112850392594
-0.0002182420871325778
-0.0002745345135186846
-0.0003432131561919775
-0.0004169982882013044
-0.0004902505701347922
-0.0005780392542500386
-0.0006375291034717434
-0.0007373478755433863
-0.000795005477137071
-0.0008103402826654211
-0.0008064205279022528
-0.0007174253244862383
-0.0005219752058374514
-0.0002917216268479812
5.214865699994249e-006
0.0002795124776306836
0.0005331413781563479
0.0006968121135919137
0.000791468111914923
0.0008293791619822469
-0.0008803517728400469
-0.0008349613654503745
-0.0007259006456478857
-0.0005772252029151911
-0.0002827098023079971
5.967645774941387e-006
0.0003103436885763642
0.0005530597945896798
0.0007469381095667196
0.0008514371727704002
0.0008594599830035937
0.0008461434943886436
0.0007724421561442977
0.0006927277916142679
0.0006130381083970256
0.0005193508640101445
0.0004342840572663711
0.0003631903051250886
0.0002895693938912736
0.0002297418532728737
0.0001641112246385754
0.0001107321214634226
5.418640393690961e-005
-4.147149324916162e-007
-5.25728175284853e-005
-0.0001087718969040411
-0.0001671887186655333
-0.0002264526787298611
-0.0002844063504240669
-0.0003578800973806063
-0.0004355715886233493
-0.0005117442186392646
-0.0006047865284548271
-0.0006700475122103455
-0.0007753084443144945
-0.0008354402748133177
-0.0008611291369565587
-0.0008610234613527601
-0.0007640073998047487
-0.0005580503689870041
-0.0003135626420057744
-3.177364616137511e-006
0.0003004627613473722
0.0005646528642590106
0.0007503873586452974
0.0008428748980904796
0.0008774537761302645
-0.0009292310946921044
-0.0008990280445790382
-0.0007581355093116414
-0.0006168235855416976
-0.0002944248434554544
4.424707131329529e-006
0.0003224196963646133
0.0006077351071211291
0.0008004912922262898
0.0009061516534253314
0.0009070021699584163
0.0008888421056128088
0.0008033772062358458
0.0007274019804513251
0.0006383347654795238
0.0005406432791109725
0.0004511788494519179
0.0003755201259613246
0.0002999166740735328
0.0002380876023248041
0.0001717186768361482
0.0001141344673603596
5.462266579127257e-005
-6.215264127203681e-007
-5.639509110666495e-005
-0.0001132239352859248
-0.0001701421204334472
-0.0002339342923386411
-0.0002942781873294494
-0.0003725470385692351
-0.0004553360890122712
-0.0005385274674353051
-0.0006416748885468711
-0.0007038847226567682
-0.0008132690130856053
-0.0008758750724895618
-0.000921366907049241
-0.000917574650670581
-0.0008105894751232535
-0.0005924675560685573
-0.0003381227992885855
-2.084080857205652e-006
0.0003262501353343649
0.0005969413707665751
0.0008058657999117918
0.0008945612818819751
0.0009295855843380467
-0.0009768400038559662
-0.0009586811225298661
-0.0008251492165137371
-0.000665280489196726
-0.0003320496350535213
9.063697044648311e-007
0.000354309933592759
0.0006485726942626737
0.0008545097146740804
0.0009536344753024967
0.0009539983563089938
0.0009322514437237753
0.0008338787335391624
0.0007620761692883823
0.0006619498732903862
0.0005618502633923586
0.0004681428687817368
0.0003852290605742603
0.0003102639542557919
0.0002464333513767342
0.0001789358133299476
0.0001170724772162725
5.505892764563558e-005
-8.69011401275924e-007
-5.860305768658149e-005
-0.0001176825052933128
-0.0001750860302230728
-0.0002414159059474213
-0.000308399521566557
-0.0003868275367669611
-0.0004750573402901785
-0.000562136403381275
-0.0006695034540976191
-0.0007377219331031918
-0.000851229581856716
-0.0009163098701658033
-0.0009813005624605825
-0.0009742917633125063
-0.0008571715504417583
-0.0006311200203422958
-0.000361644683308138
-9.907970982737883e-007
0.0003565238505176402
0.0006473233524165072
0.0008553234317386324
0.0009464265415331944
0.0009869216843126204
-0.001024448913019828
-0.001019180916717988
-0.0008869309725877499
-0.0007137373928517543
-0.0003686233604054723
-2.966317845642098e-006
0.0003836541211666614
0.0006801904370901093
0.0009074712623083317
0.001009010436735928
0.001006944151972138
0.0009741001096198532
0.000864380260842479
0.0007936565107304016
0.0006855649811012493
0.0005827054279728409
0.0004845176094960883
0.0003991186083967864
0.000322326523158809
0.0002543147080911495
0.0001852049343085298
0.0001198264837498026
5.54951894999987e-005
-1.249937571342133e-006
-6.081102426649856e-005
-0.0001221410753007
-0.0001805693372152215
-0.0002488228697785816
-0.0003196492541459439
-0.000401243145837172
-0.0004946140456686193
-0.0005842204721931472
-0.0006954632529273768
-0.000771559143549615
-0.0008888569060531519
-0.0009626543159621164
-0.001039729301256738
-0.00103071402293373
-0.0009037536257602687
-0.0006826107619976841
-0.000385166567327696
-8.108042624054532e-006
0.0003854235607950021
0.0006977053340664393
0.0009047810635654633
0.0009982918011844043
0.001044257784287188
-0.00107205782218369
-0.001081722586126698
-0.0009487127286617625
-0.0007621942965067827
-0.0004015303600028294
-1.542752772556628e-005
0.0004075335248729266
0.0007115917386153392
0.0009622823585882664
0.001068078780206186
0.00106748175649289
0.001015948775515935
0.0008998083108668459
0.0008231169190544452
0.0007091800889121103
0.0006019088611921973
0.0005005145402094301
0.0004130081562193124
0.0003348253246425322
0.0002615475720364091
0.0001902527260659715
0.0001225804902833325
5.593145135436192e-005
-9.909022479771731e-007
-6.304973228089258e-005
-0.0001254050171850454
-0.0001860526442073707
-0.0002557601758701906
-0.0003309159903696277
-0.0004138734942596825
-0.0005141707510470623
-0.0006086363009250995
-0.0007175357174540941
-0.0008067198851548246
-0.0009260842430376436
-0.001007026264256703
-0.001097373357986238
-0.001085517897937991
-0.000969493701527498
-0.0007341015036530799
-0.0004086884513472471
-8.292370702967097e-006
0.0004137646256215711
0.0007480873157163731
0.0009575753632806779
0.001074344055085053
0.001103485970482213
-0.00112662361264682
-0.001144264255535409
-0.001009706542734926
-0.000810651200161811
-0.0004344373596001868
-1.906537001385126e-005
0.0004314129285791925
0.0007659585095680476
0.001034117829895744
0.001127147123676445
0.001122729202506174
0.001068305724143631
0.0009430338948662101
0.000852577327378489
0.0007319049694041804
0.0006216613527748444
0.0005165114709227717
0.0004239280424469684
0.0003435606564499769
0.0002687472885057251
0.0001946195957298118
0.0001260378993193643
5.649429784777852e-005
-7.318669246124849e-007
-6.529600839506904e-005
-0.0001282119929363777
-0.0001907682385108566
-0.0002651226664372318
-0.0003424698964198604
-0.0004266877193106558
-0.0005282045347677658
-0.0006325351927872843
-0.000739608181980808
-0.0008418921019062103
-0.0009710791518305284
-0.001051398212551296
-0.00115352668199518
-0.001139972072409027
-0.001036821693413409
-0.0007855922453084669
-0.0004330429394119265
3.61170456502918e-006
0.0004516810058053113
0.0007984692973663052
0.001015264347563516
0.001150668291998684
0.001158781879603299
-0.001193423902873314
-0.001207602634124624
-0.001074132821462168
-0.0008609384251239837
-0.0004673443591975439
-1.312768870749929e-005
0.0004455420601857049
0.0008206857633423287
0.001105953301203221
0.001182853319702714
0.001183078180543784
0.001113066121389807
0.0009862594788655752
0.0008807114967464035
0.0007519766013867117
0.0006427346118474792
0.0005327228974970093
0.0004335256700077507
0.0003523113365903933
0.0002759321666627972
0.0001989864653936517
0.0001303209206526171
5.765065917425888e-005
-4.728316012475451e-007
-6.629844237945598e-005
-0.0001310189686877099
-0.0001959292927272754
-0.0002746419486390419
-0.0003540238024700928
-0.0004395019443616293
-0.000542309409805044
-0.0006506796969687414
-0.0007616806465075176
-0.0008770643186576016
-0.00101603155331794
-0.001096516655887113
-0.001209680006004117
-0.001199842023798823
-0.001103184256046447
-0.0008370829869638565
-0.0004614098803614043
1.551577983302546e-005
0.0004940280235550207
0.0008505425995368854
0.001086852073641676
0.001214202381113568
0.001213745470225923
-0.001258669469183605
-0.001287102785117946
-0.001155298601005502
-0.0009316206589371873
-0.0005019011305608472
-7.190007401147258e-006
0.0004714083964894772
0.0008754130171166105
0.001177788772510696
0.001246426148325206
0.001255271126889757
0.001157826518635981
0.001029485062864941
0.0009111800290730717
0.0007745327512658798
0.0006632392280233918
0.0005509278531288707
0.0004482222714326982
0.0003617938110392834
0.0002831170448198696
0.0002033533350574918
0.0001341696361644869
6.085899496283756e-005
-1.149051019005334e-006
-6.72676085436128e-005
-0.0001329926083818544
-0.0002030647706686423
-0.0002841612308408526
-0.0003641227960601617
-0.0004524584963714873
-0.0005564142848423207
-0.0006688242011501958
-0.000784917780228636
-0.0009101819173201815
-0.00105772878037818
-0.00115145646263709
-0.001269180808258553
-0.001285013036187226
-0.001169546818679484
-0.0008951983486637009
-0.0004897768213108813
2.74198551010218e-005
0.0005322481588029297
0.0009214620446533715
0.001175247443585357
0.001276950919399222
0.001268709060848546
-0.001322985902049247
-0.001367864733390012
-0.001236464380548834
-0.00100230289275039
-0.0005470291175490139
-2.72096493958871e-006
0.0005333143241464459
0.0009494171784330135
0.00125214081886687
0.001352434641398335
0.001327464073235732
0.001202586915882159
0.001074562765741307
0.000944771164646149
0.0008000915461832106
0.0006799536482833858
0.0005691328087607305
0.0004629298288408216
0.000371949120549014
0.0002905423852909692
0.0002077202047213318
0.0001376670996231236
6.414834305858375e-005
-8.445868226321883e-007
-6.823253188253063e-005
-0.0001342614968562698
-0.0002113512823352502
-0.0002930055412200364
-0.0003718307781957959
-0.0004655250765494918
-0.0005705191598795976
-0.0006869687053316543
-0.0008091324177180761
-0.0009386414629858979
-0.001091839352877217
-0.001207247402990292
-0.001338012868295539
-0.001354779881630626
-0.001239339169710145
-0.0009810057653812038
-0.0005418974273138977
3.932393036901808e-005
0.0005704682940508373
0.0009923814897698576
0.001263642813529028
0.001347572489684469
0.001323672651471171
-0.001383845282017179
-0.001435157771057541
-0.001320291687997289
-0.001080135847073697
-0.000602842327241125
-2.247907882192025e-005
0.0005952202518034141
0.001044585780202093
0.001346061339747041
0.001428695926454125
0.001387894074973309
0.001252687492451522
0.001114648424032921
0.0009783623002192275
0.0008256503411005382
0.0006966680685433791
0.0005873377643925902
0.0004764985965876787
0.0003817790667083856
0.0002970310465000937
0.0002119725897006498
0.0001409420347398183
6.743769115433038e-005
-5.401226262590293e-007
-6.922604298048226e-005
-0.0001365019060537461
-0.0002164562779111177
-0.0003003544876183582
-0.0003820479613404733
-0.000478591656727497
-0.000583635374727581
-0.0007073397697706583
-0.0008356471430467305
-0.0009674129726731538
-0.001125949925376246
-0.001263038343343495
-0.001406351321984566
-0.001424546727073993
-0.001335524161751351
-0.00106681318209869
-0.0006144733535466913
4.49351357196593e-005
0.0006367019459987381
0.001071186775569466
0.001351409530934076
0.001425704404879021
0.001386740661443013
-0.001434830206641887
-0.001502254883692362
-0.001416152340543954
-0.001162677812464633
-0.000658914079215282
-3.896728011796921e-005
0.0006538923542966461
0.001140074668133271
0.00143467906740128
0.001504957211509918
0.001453271852097007
0.001306666311443114
0.001153849439293657
0.001011953435792304
0.0008499557037732178
0.0007167388917685806
0.0005996087697482654
0.0004887919602229513
0.0003904185289973847
0.0003014210736585689
0.000216296090244462
0.0001438658920726714
6.902729521367374e-005
6.457287794061861e-008
-7.215384964287576e-005
-0.0001387423152512231
-0.0002212011341273806
-0.000302793182616865
-0.0003922651444851487
-0.0004898823962657948
-0.0005972617331522601
-0.0007249034189263999
-0.0008567251330909101
-0.000999798105849502
-0.001163693187420898
-0.00131892789440116
-0.001474689775673594
-0.001494313572517391
-0.001431583082983845
-0.001152400621661
-0.0006846128708814048
2.305822729180791e-005
0.0006867896665244877
0.001155185175965138
0.001449772842061218
0.001502072096793688
0.001459424503912874
-0.001515485193304538
-0.001585718386437582
-0.001514773288106926
-0.001246756806677123
-0.0006997303964210226
-5.298070297488336e-005
0.0007156572913498054
0.00124070882057827
0.001523296795055514
0.001581218496565707
0.001533350831519904
0.001356740696487132
0.001193169198632768
0.001043673839109304
0.0008739325758246693
0.000737225549302397
0.0006100084671635114
0.00050138455754846
0.0003990579912863851
0.0003058111008170432
0.0002207141528937182
0.0001467897494055244
7.007103367285963e-005
1.093887167747915e-006
-7.508165630526936e-005
-0.0001415102571098487
-0.0002258282208538639
-0.0003052318776153673
-0.0004024823276298264
-0.0005009061848255415
-0.0006108880915769407
-0.0007424076257018606
-0.0008778031231350897
-0.001036010280472129
-0.001207176665886588
-0.001373944599852394
-0.001540066852951219
-0.001579456962890384
-0.001526950422698623
-0.001226659152568112
-0.0007243039022866705
7.619490264937625e-006
0.0007184400348471464
0.001240761118030406
0.00153023112203975
0.001577478117885855
0.001522073363535814
-0.001597587749845365
-0.001673859871448558
-0.001625804746526233
-0.001341741386337767
-0.0007513122696028334
-6.699412583179742e-005
0.0008090163277266495
0.001359949875096843
0.001612427967796659
0.001657895395565583
0.001613429810942803
0.001396763268051261
0.001231662069894536
0.00106802497331628
0.0008981611312519616
0.0007618334799239534
0.0006204081645787573
0.00051447832885382
0.0004071169136394656
0.0003102011279755175
0.0002261166145124058
0.0001497136067383775
7.062375572946037e-005
2.123201457555278e-006
-7.800946296766303e-005
-0.0001453693077917087
-0.0002298378528879313
-0.0003076705726138713
-0.0004120952601350274
-0.0005121333010629282
-0.0006245144500016206
-0.0007599345936561556
-0.000900371379163846
-0.001067568606559319
-0.00125066014435228
-0.001421813964483751
-0.001599070978211848
-0.00167482770879993
-0.001622317762413402
-0.001328336037202295
-0.0007664513772948235
-7.819246761932791e-006
0.0007608624494977898
0.001337530093847095
0.001610689402018281
0.001664029597034663
0.001584722223158751
-0.001679690306386191
-0.001767134789638454
-0.001738952896224953
-0.001436725965998412
-0.000852305193269995
-9.385035848225558e-005
0.0008965888535481782
0.001457207013024623
0.001712011863411304
0.001742612806979168
0.001683283951232305
0.001443541328487025
0.001269779839422559
0.001092324292833913
0.0009203865815422556
0.0007807451751395535
0.0006326332304256478
0.0005273930733087549
0.0004120135776777716
0.0003184638973703881
0.0002310178506612197
0.0001524704963177673
7.138268163419539e-005
1.95096032658092e-006
-8.109911315599781e-005
-0.000148237100424914
-0.000235184694306294
-0.0003112490177363279
-0.0004208964703252986
-0.0005205279186322723
-0.00063637681093759
-0.0007774615616104591
-0.0009245865275855648
-0.001099126932646521
-0.001289128552219343
-0.001471659886386587
-0.001659297087557135
-0.001770198454709472
-0.001717991905882475
-0.001441547968034406
-0.0008043647877325188
-7.69369705123811e-006
0.0008527257036303349
0.001434299069663783
0.001729652521367591
0.001749090399973324
0.001651880462085545
-0.001740510421981678
-0.001875359902188517
-0.001854721527288679
-0.00155695706813023
-0.0009160827587828903
-0.0001008587042642422
0.000965663782267178
0.001584535022042791
0.001811595759025949
0.001853865481307008
0.001746067663033499
0.001505290355013146
0.001312045634640529
0.001120075685436907
0.0009413789006988501
0.0007960101598101042
0.0006474025353217755
0.000539470329099157
0.0004169102417160763
0.0003274457029610029
0.0002344136500071551
0.000155117073161929
7.444233030013032e-005
1.433440072399137e-006
-8.173083166405831e-005
-0.0001544525004563592
-0.0002398587778138472
-0.0003172200562115081
-0.0004296976805155712
-0.0005283700612554813
-0.0006480599720905504
-0.0007952739057210593
-0.0009429123970837313
-0.001128268712578963
-0.001324165730066769
-0.001523976075437692
-0.001728100783880453
-0.001866905669666521
-0.001855043467786453
-0.001552997595907871
-0.000908091380669031
8.859526052029565e-006
0.0009294174116577193
0.001558110855581002
0.00185600833936815
0.001835940330862515
0.001719754377065757
-0.001802002658939022
-0.001978419182854977
-0.001974481438423556
-0.00169979717725992
-0.0009660484557277887
-7.405783987321989e-005
0.001012145640609471
0.001722471141655791
0.001911179654640595
0.001966288588007235
0.001808929050820452
0.001568280131077165
0.001354311429858497
0.001150275499276967
0.0009623712198554445
0.0008101911525926529
0.0006621718402179031
0.0005489182523031465
0.0004218069057543825
0.0003352518548169071
0.0002375654260623124
0.0001577636500060905
7.881909047371342e-005
8.263574964752044e-007
-8.21074098422184e-005
-0.0001610530154441259
-0.0002443019730590754
-0.0003242077366969803
-0.0004384988907058424
-0.0005364680491598944
-0.0006597431332435092
-0.0008111577311484705
-0.0009579749093408688
-0.001157203148007985
-0.001359202907914191
-0.001576292264488807
-0.001796904480203785
-0.001974706698350076
-0.001992095029690432
-0.001664447223781296
-0.001006383609490269
2.524086157532502e-005
0.001003928270964229
0.001707724767879312
0.001969235639559278
0.001943607268913465
0.001793615384257978
-0.001867606020581811
-0.002088741718615632
-0.002117699169064605
-0.001841743427821467
-0.001052257029675241
-4.725697548219808e-005
0.001058627498951761
0.001860511521833519
0.002020857799144426
0.002078711694707483
0.001871790438607428
0.001631269907141173
0.001396577225076486
0.00118090253426109
0.0009833635390120337
0.0008222147422593537
0.0006769411451140416
0.0005582125670736979
0.0004270181536612392
0.0003415157724729366
0.0002399982555238478
0.0001604102268502483
8.319585064730003e-005
2.192749205507916e-007
-8.248398802037986e-005
-0.0001676535304318912
-0.000248745168304305
-0.0003311954171824756
-0.0004472784166332742
-0.0005448428792054806
-0.0006771382180852657
-0.000826351929695927
-0.000973037421598084
-0.001186225566402763
-0.001389937148588708
-0.001628608453539809
-0.001865708176527073
-0.002082507727033587
-0.002127679352450779
-0.001775896851654702
-0.001075478146495661
1.958688420231287e-005
0.001101710387041773
0.001862962570085756
0.002110619487516665
0.002051313727169108
0.001879580868833168
-0.0019332093822246
-0.002214537588365296
-0.002291144903281684
-0.001992510796356137
-0.001232083426171346
-4.281943918697087e-005
0.001185791972523255
0.002060990504772953
0.002198617236439158
0.002208629728263725
0.001938925983656538
0.001669510335028859
0.001435904824938039
0.001207730374763937
0.001000629862062348
0.0008331665430715516
0.00068369853612294
0.0005655078676428091
0.0004370101284940499
0.0003444628873036917
0.0002428051235848083
0.0001621418318465162
8.142282567741683e-005
-6.918025717635223e-008
-8.053592724330783e-005
-0.0001670733965700028
-0.0002524910371904679
-0.0003359706529899984
-0.0004512674163159758
-0.0005516070123473895
-0.0006835730543095981
-0.0008363106146258589
-0.0009938705851203766
-0.001208079523787531
-0.00141148833968065
-0.001685457186511092
-0.001935679567962082
-0.002179704176172499
-0.002298973267546312
-0.001989645069293259
-0.001174720898588695
2.649886335748352e-005
0.001264831454279204
0.002027336120203558
0.002269622793100609
0.002159020185424759
0.00196316602980752
-0.001998812743867392
-0.002340333458114957
-0.002465314772260296
-0.00218898724188804
-0.00134218779026719
-3.838190289174348e-005
0.001278583736253043
0.002261469487712384
0.002376376673733898
0.002324869034190639
0.002006061528705637
0.001707750762916544
0.001475232424799588
0.001233264328539709
0.001017482865597812
0.0008441497932139295
0.0006904559271318373
0.0005728031682119201
0.0004470567291063525
0.0003472021893243608
0.0002468199860482246
0.0001638734368427842
7.964980070753302e-005
-3.57635434903587e-007
-7.858786646623623e-005
-0.0001664932627081135
-0.0002562369060766308
-0.0003407458887975224
-0.0004551202542689503
-0.0005620607536992591
-0.0006952217536661942
-0.0008462692995557912
-0.001014703748642676
-0.001229966423194972
-0.001445464110334995
-0.001739456934754062
-0.002005650959397086
-0.002292204911037992
-0.002463427815439187
-0.00220339328693181
-0.001279970098026105
3.829757110897e-005
0.001346125895832859
0.002222548544670527
0.002438459662469126
0.002306532653490047
0.002044187428818615
-0.002083716631601089
-0.00246612932786462
-0.002648018891235433
-0.002436559611363591
-0.001433048489797007
-6.336733650733723e-005
0.001426544180399925
0.002458466069599177
0.002590865992788852
0.002422411722901894
0.002095805240860964
0.001753006840128628
0.00151224031678155
0.001258798282315482
0.001033929471708644
0.0008560325788804774
0.0006985545270311639
0.0005797199934354175
0.0004571033297186502
0.0003497106731765218
0.0002512189267924896
0.0001659757863027829
7.862183531342023e-005
-4.702517777462676e-007
-7.842274766033808e-005
-0.0001657488365466777
-0.0002594711994054515
-0.0003455900266928722
-0.0004589730922219239
-0.0005746020462170399
-0.0007068314917847995
-0.0008555612629187305
-0.001035643858064139
-0.001251740610212411
-0.001487023760691095
-0.001790640465571656
-0.002091265399752769
-0.002426702282256602
-0.002628666481181327
-0.002423395949692923
-0.001387497411616962
6.034309413438341e-005
0.001418671378924598
0.002406989343657295
0.002628645502121258
0.002449755421791516
0.002125208827829701
-0.002169922082098022
-0.002571356711863469
-0.002845609813597416
-0.002737546853265202
-0.001575558347296501
-5.0939952520323e-005
0.001648880086254332
0.002672641934944402
0.00281891571265784
0.00252895374891801
0.002203141835299755
0.001808021315121412
0.001541264706356669
0.001279554339829744
0.001045611335798869
0.0008679153645470271
0.0007103144013112218
0.0005883084784903685
0.0004635689095075356
0.0003522191570286852
0.0002554201815782702
0.0001688453004782961
7.865909907688702e-005
-1.843293019436036e-007
-7.993196125546587e-005
-0.0001639107015617583
-0.0002608928714332569
-0.0003493990233851572
-0.0004628259301748974
-0.0005810980066483883
-0.0007156510096436692
-0.0008629120371618475
-0.001052990465157542
-0.001270112170819003
-0.001528583411047192
-0.001840920858293405
-0.00214982918801607
-0.002561199653475183
-0.002795868584314704
-0.002723461433581374
-0.001596413336501776
3.834628112399174e-005
0.001562292843407886
0.002667175491838379
0.002838692585087482
0.002576044981964244
0.002196310159393635
-0.002256127532594963
-0.002673805502966132
-0.003030926950409101
-0.003002118447370405
-0.001725072477587199
-2.787182143423211e-005
0.001766252205551406
0.002960316419270499
0.003049082488967302
0.002661486096184227
0.002268726749977861
0.001852132574032613
0.001567115169466767
0.001295338724738115
0.001055030498701105
0.0008776800659793316
0.0007197909459681983
0.0005942378457157194
0.0004656607185512333
0.000355852685088454
0.0002589340880923557
0.0001704278738370803
7.925612428782684e-005
-5.288337196868107e-007
-8.231374390303171e-005
-0.0001648647098327261
-0.0002626724720106689
-0.0003531775415890165
-0.0004663963573770704
-0.0005851602654342418
-0.0007244705275025402
-0.0008773739461850225
-0.001067513940013029
-0.001289545439853173
-0.001561612520592281
-0.001889027486712439
-0.002206130852156632
-0.002678801297077059
-0.002971238998826405
-0.003009286732827798
-0.00177584259816343
-1.359082943169545e-005
0.001733522880707718
0.002975141876252542
0.00304751900169678
0.002684979695737986
0.002267345182486971
-0.002343016220482714
-0.002778221054356342
-0.003231944591874463
-0.003396412906109628
-0.001887521331244339
-8.065545360016991e-006
0.001938772080092891
0.003316602808891398
0.003256112087094149
0.002794018443450444
0.00232646801097519
0.001897222272593348
0.001592055734679495
0.001311711525105511
0.00106444966160334
0.0008881497375320407
0.0007318586323598402
0.0005993367047714189
0.0004673004046844982
0.0003598083131642607
0.0002624479946064408
0.0001709811827168682
7.996486615184363e-005
3.085201776092851e-007
-8.464241778677906e-005
-0.0001668016937673703
-0.0002642055364536057
-0.0003569920188180023
-0.0004697232582741977
-0.0005890832963587026
-0.0007310188567803311
-0.0008918418675466762
-0.001082250567871293
-0.001318474970942708
-0.001591698550745649
-0.001933297173117645
-0.002286121333984219
-0.002786790950659664
-0.003208173667379928
-0.003388847726888412
-0.001912250835103714
-3.86298296988884e-005
0.001931647811659153
0.003344870928604785
0.003268600900841894
0.002793914409511726
0.002332782308968651
