0.003662834623841936
0.003972186829473437
0.004253345620690743
0.004453964498650844
0.004586713958706361
0.004625954116355783
0.004578948144110231
0.004431700931691224
0.004227709872971139
0.003989434333436789
0.003710160177118105
0.003374994881638959
0.003050799814471387
0.002754264090550231
0.002563313206246655
0.002350494578688636
0.002142405867047448
0.001960384556723996
0.001816968036410737
0.001688564497800296
0.00160263297373848
0.001538960364181701
0.001502487454574875
0.001487675039925984
0.001505920539176728
0.001540498977904461
0.00159676295035592
0.001689515752695604
0.001792923183702549
0.001946510374732172
0.002109953412489385
0.002308405824802531
0.002548060635999131
0.002822052145235288
0.003085873033403793
0.003361883031083394
0.003661896132412412
0.003969452420948673
0.004246161980695114
0.004456289061204301
0.004569829801270912
0.004610252511484198
0.004581185219355499
0.004459048082856496
0.004245426305707892
0.003910535075399289
0.003611185632154185
0.003666172468682448
0.003975130704217619
0.004247516490247274
0.004454607210496318
0.004586900083601742
0.004628114172685241
0.004578013789347919
0.004436917962295154
0.004233181973448921
0.003988800876547423
0.003699788198439152
0.003376156454001559
0.003070328325681559
0.002774267546649029
0.002561370493056318
0.002332004089579577
0.002133048890760983
0.00195236359886768
0.001810582811560298
0.00168390265553292
0.001599148558574403
0.001537243175607311
0.001501304445097738
0.001486856835632319
0.001503342917795571
0.001539038724946585
0.001595413778706453
0.001686298690112466
0.001792932385003538
0.001943803842674245
0.002106900408847447
0.002315082487242082
0.002542981035264172
0.00281655684196622
0.003087635527411582
0.00336940991061991
0.003670820164608521
0.003979698820057807
0.00424858357696718
0.004460997496116174
0.004576901006216771
0.004616987772795686
0.004584109399772879
0.004459165909127356
0.004239772749426372
0.003927086619576185
0.00363415009154223
0.003669288591860818
0.003978276263940017
0.004241124415032179
0.00445704114424508
0.004589348861982019
0.004630246923623594
0.004573190054183794
0.004438630776084136
0.004238682262067225
0.003984678295583031
0.003690508835270171
0.00337731802636416
0.00308596412138361
0.00279358577099312
0.002557404707404874
0.002314377215408841
0.002123691914474518
0.001944342641011364
0.001804253709350812
0.001683214415531569
0.001595664143410328
0.00153680802635281
0.00150114622053367
0.001486038631338656
0.001500765296414408
0.001537578471988709
0.001594508857455751
0.001683655248248298
0.001793259763510945
0.001941097310616335
0.002103847405205502
0.00232175914968164
0.002549975750123598
0.002810748508829818
0.003090652535449939
0.003376936790156439
0.003679744196804615
0.00398531140867991
0.004251204489742391
0.004465705931028099
0.004583972211162629
0.004623723034107175
0.00458708352062776
0.004461710947126745
0.004244825848154448
0.00394405187582904
0.003657114550930279
0.003672404715039188
0.003981421823662416
0.004248866819874065
0.004463253931097082
0.00459286635292854
0.00463505853650274
0.004575322323065134
0.0044370057839614
0.004244182550685536
0.003980555714618642
0.003681543344207272
0.003378479598726761
0.00310159991708566
0.002812903995337204
0.002541746563138538
0.002302450927370623
0.002114062193549321
0.001937243043056849
0.001797971071059597
0.001682526175530231
0.001592453334639998
0.001536372877098308
0.001501451481422495
0.001485220427044991
0.001498624568398862
0.001535187175861082
0.001593689466210861
0.001681623834691868
0.001792931134201616
0.001938611826681568
0.002104894368134821
0.002324228053886035
0.002546908906298381
0.002805024017897272
0.003096739875515074
0.003388482529361123
0.003688668229000709
0.003990141941248999
0.004253825402517602
0.004470414365940025
0.004588070817239016
0.004629325888834031
0.004590674644145046
0.004465133073956988
0.004254532892742539
0.003961017132081893
0.003680079010318325
0.003676658580230066
0.003982747025751045
0.004257604073098904
0.004468167351594787
0.004598870376762512
0.004640459951538731
0.004588678963062509
0.004450054496319173
0.004249682839303841
0.003982686463047552
0.003672577853144372
0.003377480060516993
0.00311723571278771
0.002826974338518292
0.002526088418872188
0.002290524639332401
0.002104610203572448
0.001932064309590126
0.001793434073636589
0.001681600653001739
0.001589278966934236
0.001535099808488621
0.001500234486834922
0.001484402222751329
0.001496604623905637
0.001532900681885868
0.001592872267309891
0.001680733457584119
0.001789790471232878
0.001935643582424115
0.002105958572858441
0.002326666742667898
0.002538376888348824
0.002799299526964689
0.003097524541359856
0.003395969896897022
0.003690926781022507
0.003992128336528925
0.0042512916261638
0.004474069260653671
0.0045965786297372
0.004634926346638602
0.004595044204442872
0.004470068539346431
0.004259819423772195
0.003977982388334746
0.003701514014356428
0.003683901970063842
0.003983800070461148
0.004265868150125102
0.004474890259446314
0.004606523878012607
0.004648967564108334
0.004601154596529473
0.004464082350753029
0.004256645440765243
0.003988671138267597
0.003679736618368275
0.003378460868960372
0.00310555287112273
0.002815374890369675
0.002524102191344959
0.0022866255861722
0.002099882205677787
0.001928127649259312
0.001790389216018535
0.001678854531514692
0.001586581032874956
0.001531413041717351
0.001496800039960349
0.001483584018457662
0.001493771861695698
0.00153085060949695
0.001592055068408914
0.001679764662788772
0.001787774273172975
0.001932148173045514
0.002107022777582053
0.002326997406550152
0.002529844870399268
0.002793544676504248
0.00309285653823961
0.003386117420074342
0.003685074965357316
0.003985137727230086
0.004247365213670277
0.00447788452635174
0.004605874142494608
0.004647045492441302
0.004604495047691999
0.004475004004735873
0.004266722713180933
0.003986626109319784
0.003700781098276212
0.003691145359897619
0.003984853115171251
0.004274328238504719
0.00448125897577789
0.004614700071896028
0.004659004625695429
0.004610929831392671
0.004477721719302046
0.004267658882267674
0.003991906769967654
0.003687495166951872
0.003379441677403753
0.003089659112823213
0.002802628753128433
0.002524860475723605
0.002284944366929957
0.002095538535020513
0.001925700079414544
0.001787344358400481
0.001675362629774833
0.001583582837178695
0.00152772627494608
0.001493971564263182
0.001482765814163995
0.001490914178620133
0.001529818909019085
0.001591528976756328
0.001678510345701915
0.001786664971111062
0.001928658417825499
0.002108086982305665
0.002326650162671911
0.002525602443767923
0.00278865781547503
0.003088188535119362
0.003375544072852401
0.003679223149692126
0.003980290662621731
0.004248545853836554
0.004486035354370717
0.004615169655252014
0.004663162493859462
0.00461505298814935
0.004482062956104149
0.004273626002589672
0.003994978049359662
0.003700048182195995
0.003698388749731395
0.003987345238372906
0.004284553362117321
0.004491246658924183
0.004629616150931611
0.004670004103491854
0.004623544585485973
0.004489065747818909
0.004270787860765788
0.003994817420804764
0.003694433443054143
0.003380422485847133
0.003073765354523689
0.002789122157462055
0.002524261506534075
0.002283263147687718
0.002091295549338823
0.001923272509569777
0.001782400577044156
0.001669686352053289
0.001579316196067084
0.001524514289594392
0.001492527036617288
0.001481197771889739
0.001488056495544568
0.001525778068426169
0.001586339678941113
0.001674903572406712
0.001782765356777414
0.001924687435263631
0.002107826335456793
0.002313486471607386
0.002512935224200543
0.002783663213853576
0.003083589863764901
0.003364571017032513
0.003673371334026913
0.003975443598013396
0.004250661514986934
0.004489809664205813
0.004626547775955592
0.004679279495277649
0.004623386978197201
0.004489421190731145
0.004279428292270847
0.004002714425051094
0.003699315266115721
0.003705632139565172
0.003996124840601858
0.004290336480659728
0.004503658685931173
0.004644532229967195
0.004681104583283489
0.004635854517038282
0.004505714565250726
0.004273916839263895
0.003997244700939947
0.003696901899057459
0.003381357828924779
0.003058063065644884
0.002779554599030609
0.002519754749225883
0.002281887590214064
0.002086896678289489
0.001917818582958259
0.001776816198234627
0.001664010074331751
0.001577086198071069
0.00152179186864878
0.00149091905142129
0.001476292603792386
0.001485198812468995
0.001521584505795347
0.001580680455241824
0.001669643239228036
0.001777624357599391
0.001918138755524237
0.002098803688885613
0.002292295261428403
0.002498670036624883
0.002778668612232096
0.003074982001382161
0.003354920684767852
0.003675226539752878
0.003985957465574188
0.004259256467557959
0.004493583974040879
0.004643162702329061
0.004695396496695844
0.004640670448097375
0.004500304116251349
0.004282294215217283
0.004010450800742527
0.003699338093949135
0.003711175691465029
0.00400490444283081
0.00429451062406781
0.004516574054289107
0.004658053676243497
0.00469601722245598
0.004648164448590593
0.004518500345002922
0.004277045817762011
0.003999280618051338
0.003697424744926252
0.003380855637648522
0.003052453212316642
0.002773294462782709
0.002515247991917692
0.002279906324329921
0.002080950581319402
0.001911424939607936
0.001771407319029104
0.001658641978566235
0.001574856200075053
0.001519194913187332
0.001485588224848432
0.001471387435695028
0.001483124423315307
0.001517390943164517
0.00157541729968927
0.001664382906049343
0.001772483358421368
0.001911590075784847
0.002089775723067683
0.002271104051249398
0.002485982622934855
0.002773674010610642
0.003065574150093882
0.003363122072756855
0.003685385696812344
0.004001792429714531
0.004274876433502139
0.004497358283875975
0.004656181829433495
0.004706132693506336
0.00466283226037664
0.004516539350165287
0.004284105980224618
0.004016946515798239
0.003704391895092722
0.003714403010030056
0.004013684045059763
0.004297289918420343
0.004529489422647041
0.004671302447594588
0.004713112130914907
0.004661985268113209
0.004531039166240011
0.004279686332867965
0.004014508442169937
0.003696483308381845
0.003380353446372258
0.003056097841473353
0.002767883985493633
0.002510741234609501
0.002274763745241257
0.0020783192300475
0.00190485988343835
0.001766650468060757
0.001653107801871561
0.001570200464794842
0.001514711515314328
0.001479163757359037
0.001466482267597671
0.001477384536181757
0.001513197380533694
0.001570154144136737
0.001659122572870648
0.001767342359243346
0.001905041396045449
0.002079817700929074
0.002250599625447537
0.002478752761573413
0.002768757806984048
0.00305616629880563
0.003371323460745876
0.003695544853871784
0.004017369756682526
0.004290496399446321
0.004518849824679001
0.004667256345856533
0.004727506107748435
0.004684994072655906
0.004532774584079227
0.004285760056765552
0.004017961569056026
0.003709445696236309
0.003716593800436097
0.004022463647288715
0.004311445783222815
0.004545142638851795
0.004693757059615514
0.004731070663688171
0.004683106295257856
0.004543577987477099
0.004298615831104125
0.004030139888415664
0.003698749146388195
0.003378750910183633
0.003059742470630061
0.002762486577620491
0.002501638887853503
0.002269621166152593
0.002074668009889525
0.001898294827268764
0.001760343389120046
0.00164794517342873
0.001564498636590884
0.001507262668823548
0.001472388853366681
0.001460604242969161
0.00147145537553625
0.001509003817902869
0.001564890988584204
0.001653252356744225
0.001762708613515889
0.001898959675299176
0.002071837466930085
0.002244223275264388
0.002475228022221578
0.002764321336639463
0.003049675466063249
0.003379524848734901
0.003702448256851073
0.004030913480003097
0.004306116365390503
0.004541146456186008
0.004690430820106067
0.004751071490453538
0.004704476481642492
0.004548605050725432
0.004295351726418446
0.004023838902496264
0.003714499497379896
0.003718784590842141
0.004034545013142584
0.004329614281766501
0.004561041559350495
0.004718454259606117
0.004751766771463012
0.004704227322402497
0.004556116808714184
0.004317335021797136
0.004045771334661396
0.003702636272014667
0.003374445805828828
0.003063387099786773
0.002756635559524069
0.002492301276266089
0.002262786816820764
0.002066904792429575
0.001892721439952198
0.001753931555758173
0.00164321599449446
0.001558668855663262
0.001500096019513341
0.001466035880021971
0.001454528763829418
0.001465816220800149
0.001502815380288063
0.001559275778423003
0.001646841182318979
0.001754299620530376
0.001889705058809778
0.002059790168985407
0.002242987404772225
0.002474929768840841
0.002759884866294862
0.003050770507225128
0.003389678028943622
0.003701074565462612
0.004047289666780358
0.004327316007612166
0.004562414279160439
0.004709136840549624
0.004770994711787767
0.004721956481010435
0.004564399192103903
0.004318229766085061
0.00403977186806709
0.003718410958903264
0.003720975381248183
0.004046520501836072
0.004351251431791435
0.004580832048366497
0.004744590972213529
0.004772462879237852
0.004726455552824648
0.004570586395343527
0.004336054212490145
0.004056143084566391
0.003706523397641134
0.003371924895084531
0.003063891507118296
0.002749868825687046
0.002487041412558775
0.002252062470263067
0.002059141574969631
0.001886721136070182
0.001748616539247624
0.001638486815560191
0.001551967046020029
0.001493270513962776
0.001461041799896576
0.001448865037211077
0.001460177066064048
0.001496142696177654
0.001553497470786935
0.001640608656857101
0.001746571889371355
0.00187920491467017
0.002048903532028884
0.002241751534280044
0.002475593352456785
0.002754604454501337
0.00305352704938941
0.003389908726444997
0.003699700874074179
0.00405225548475877
0.004352194409579946
0.00458484451273276
0.004727842860993246
0.004790917933122055
0.004739436480378377
0.004580193333482355
0.004341107805751614
0.004053215457815732
0.003715550190362665
0.003726223138290825
0.004054850793453121
0.004369770174264412
0.004605611058099316
0.00476845384702382
0.004801681631343516
0.004749771164830446
0.004588944946251437
0.004354773403183155
0.004058164441688903
0.003710410523267605
0.003372807585809418
0.003060925974255466
0.002743102091850031
0.002481088391976105
0.002241448023530832
0.002048064920757119
0.001880508281640338
0.001738655315538168
0.001631876938186849
0.001545026440184066
0.001487267795940952
0.001456047719771183
0.001443201310592731
0.001453666578826611
0.001489254128045237
0.001547041136019038
0.001634489719996077
0.001739277099396522
0.001870266075322143
0.002038016895072367
0.00224051566378788
0.002476256936072729
0.002747657180481631
0.003056320081316631
0.003383980997039125
0.003698327182685713
0.004053188405159316
0.004377072811547754
0.004612840711631716
0.004753901510909233
0.004810861701246194
0.004756835950872404
0.004595987474860825
0.004363985845418229
0.004056081808699483
0.003712282907141982
0.003731853632999992
0.004063181085070169
0.004383256164809165
0.004630390067832136
0.004800799186535022
0.004836381731739478
0.004773612134629492
0.004623157089922855
0.004373727406950071
0.004060185798811407
0.003714297648894073
0.003373723066477878
0.003057526147241352
0.002738701794923924
0.002474725519950319
0.002230956700510408
0.002037398053505026
0.001874295427210493
0.001728853210339464
0.001623546646393874
0.001538340468340649
0.001481783559805395
0.001450472033306662
0.0014371685784933
0.001446438195603239
0.001482365559912823
0.001540547229067578
0.001626492712935418
0.001731982309421689
0.001861327235974131
0.002027130258115856
0.002234676543710798
0.00247337471992313
0.002740009901941098
0.003059113113243864
0.003378053267633283
0.00369730028173228
0.004054121325559844
0.004401951213515576
0.004638153972422083
0.00477844347693229
0.004835807464077132
0.00478758804517474
0.004611781616239262
0.004379805383686331
0.004059554273788555
0.003710909284539094
0.003737484127709159
0.004071382458088601
0.004391288588370919
0.004661760576307175
0.004833102231381683
0.004881979636344716
0.004809204752888956
0.004657670032193343
0.004392602180963733
0.004062207155933915
0.003722788730324806
0.003374662920076366
0.003052362382600215
0.002735045801847693
0.002467881241044849
0.002221571728383776
0.002027703884501601
0.001868770170699142
0.001719051105140758
0.001614637578853623
0.001532115774241963
0.001475729480578595
0.001442867913458796
0.001430033910707619
0.001439796663457351
0.001473440179526744
0.001534053322116119
0.001616095195146847
0.001721858902452495
0.001852360594122976
0.002016243621159332
0.002223475451595549
0.002467220799578368
0.002733086853974027
0.003056195514795664
0.003374300222703639
0.003696311618637872
0.004055269909745065
0.004407894384026647
0.004659145252640293
0.004800849377957999
0.004866297959499545
0.004819849689255595
0.004646292483283578
0.004394904298447791
0.004068480944835467
0.003715480560823855
0.003743114622418324
0.004078973739258237
0.004399321011932675
0.004693414155280344
0.004864454245191185
0.004927577540949949
0.004847714098415022
0.004678810666734756
0.004396646462080418
0.004069903776835854
0.003732594163317352
0.003369997774581864
0.003037194123345255
0.002722997604000429
0.002452621123428506
0.002211706871089046
0.00201800971549818
0.001857125036119653
0.001709248999942056
0.001605728511313375
0.001525891080143278
0.001467866932586689
0.001434994217264057
0.001422761958116222
0.001433155744784177
0.001463528676941128
0.001526555374654161
0.001605697677358274
0.001715090076147428
0.00184293675712115
0.002006507766354913
0.002212274359480313
0.002461066879233606
0.002723866383339485
0.003047016956009169
0.003373687194682439
0.003699713341042129
0.004056901144801414
0.004419748112454025
0.004682693594707409
0.004834128163464518
0.004905916989674431
0.00485211133333645
0.004681607136092738
0.004410003213209281
0.004077407615882375
0.00372005183710862
0.003748472438901029
0.004086608691660378
0.004407353435494432
0.004725067734253513
0.004894821340904514
0.004965233654910245
0.004886223443941085
0.004709321724358284
0.004401153439904399
0.004085132158016932
0.0037423995963099
0.003362660754083878
0.003022025864090301
0.002709880138556815
0.002434678051402166
0.002200962773338361
0.002008315546494753
0.001841840522106206
0.001699446894743345
0.001596440093718988
0.001518029571631751
0.001460004384594786
0.001426755615068472
0.001415242227235091
0.001425148725281065
0.00145501457709399
0.001518329073182366
0.001593196863625323
0.001710197874313356
0.001833825682394305
0.001998896432882051
0.002201049772583937
0.002455636099097381
0.002711340280681633
0.003030924557875886
0.003373074166661236
0.003706739965712379
0.004058532379857778
0.004431601840881361
0.004709863068983373
0.004882974458843308
0.004945536019849301
0.004884372977417343
0.004716921788901864
0.004425102127970737
0.004086202841302957
0.003723367685919061
0.003746448292445017
0.004094136888147381
0.004434073400070348
0.004756721313226683
0.004925188436617839
0.005006707729566463
0.004927586386036128
0.004739832781981809
0.004423586556015782
0.00410336564795464
0.003754752712425314
0.003355323733585899
0.00301086224358718
0.002696762673113201
0.002418503518949729
0.002188032935760425
0.001993830476475945
0.00182680142136561
0.001689653515526994
0.001586212873025385
0.001507856479072145
0.001451040565990968
0.001417328463955477
0.00140614189307237
0.001417025220163646
0.001446731861273242
0.001509106313040341
0.001582865301390138
0.001702467338535088
0.001825269818086965
0.00199009814241296
0.002187889354644942
0.002451451669910574
0.002702208966929277
0.003010792241584639
0.003368900469387844
0.003713766590382616
0.004060180294747396
0.004443455569308738
0.004737032543259343
0.00493081766974667
0.004988653018194677
0.004916634621498199
0.004752236441711026
0.004440201042732231
0.004095075433639045
0.003721936811854901
0.00374276480220461
0.004101665084634388
0.004465859899219805
0.004788374892199851
0.004956194637642879
0.005045130873107806
0.00497220180910671
0.004770343839605344
0.00445072172219188
0.00412009130754649
0.003755961373348369
0.003349708498584361
0.002998910175367085
0.002683645207669588
0.002402480917195176
0.002174312319442941
0.001977446126945143
0.001811762320625004
0.00167986933983493
0.00157619697527369
0.001497699312913068
0.001441423295583128
0.001407893518244196
0.001397041558909654
0.001408901715046227
0.001438441922648148
0.001499666005982708
0.001574737998285065
0.00168844898072514
0.001816713953779638
0.0019806315351291
0.002172995662211482
0.002436099285232519
0.002690970758193776
0.002985953546361136
0.003359111125408769
0.00372079321505287
0.004061841844038874
0.004455309297736076
0.004765258748722442
0.004964329101335914
0.005041907678191143
0.00496401362592264
0.004787551094520123
0.004469217940459729
0.004108869806443066
0.003721532005360119
0.003736817263984854
0.00413168455469348
0.004497642454742358
0.004826511106035575
0.005001847335395342
0.005081596258451344
0.005013265201363078
0.004807362522908397
0.004485356269696647
0.004117052935871477
0.003748687874278208
0.003344320149888015
0.002987325278520242
0.002670527742225977
0.002390923800896551
0.002161611161450984
0.001961061777414341
0.00179973874052173
0.001670085164142859
0.001567078300310999
0.001487653024030181
0.001431932298156495
0.001398135010986394
0.00138815685767775
0.001400558622889252
0.001430139304202219
0.001490544532445944
0.001565404535838552
0.001674518969845721
0.001804553981584683
0.001970043792004938
0.002158101969778023
0.002421407870484563
0.002674580660413803
0.002976993102114485
0.003349218842504015
0.003721478875526954
0.004078299160061781
0.004467163026163413
0.00480224059457364
0.005008032243355493
0.005096530255908907
0.005015493433818921
0.004829146128137775
0.004495348883926903
0.004121791734195477
0.003721127198865338
0.003730869725765097
0.004161171159293459
0.004529421796620734
0.004864647319871298
0.00505137959996382
0.005118061643794889
0.005054328593619445
0.004846978167698479
0.004519990817201411
0.004116559247098904
0.003741414375208044
0.003338482236468729
0.002975997528395037
0.002657410276782361
0.002379674755168792
0.002150010680821749
0.001944677427883539
0.001787937853921872
0.001660200084376757
0.001555190081794001
0.001476998018098457
0.001421790752866665
0.001388376503728586
0.001379466338619145
0.001389686943691798
0.001421836685756293
0.001480017652080996
0.001555456351458926
0.00166058895896631
0.001791555335247603
0.001950460202700424
0.002147627150777617
0.002406716455736608
0.002663322427134642
0.002967314127443806
0.00333932655959926
0.003730925154774824
0.004106603347029565
0.004500587446071272
0.004842168449744696
0.005062604476712701
0.00515099365451779
0.005066939515207846
0.004870741161755406
0.004519763549402254
0.004132665272361955
0.003720722392370511
0.003733425946617032
0.004190657763893445
0.004572374726906591
0.004902783533707023
0.005100911864532299
0.005166537987506903
0.005104562530689402
0.004886593812488568
0.004547175612167213
0.004134586258424199
0.003734140876137892
0.003332951296095804
0.002964669778269845
0.002643181211749534
0.002368425709441041
0.002135302251471654
0.001929402496853517
0.001775355755641874
0.001649818324067172
0.001542035237308085
0.001464903094384596
0.001408724541992463
0.001378617996470779
0.001369690690854979
0.001378569643661426
0.001413534067310358
0.001466636480448619
0.001543613537249487
0.001646115430674419
0.001778414693701915
0.0019308766133959
0.002138672924965544
0.002392025040988647
0.00265981843980896
0.00295198425427015
0.003325613983773957
0.003740371434022713
0.00414810054661572
0.004529277069352278
0.004882096304915821
0.005117176710069858
0.005204806379047225
0.005118385596596749
0.004912336195373048
0.004544178214877545
0.004142114788701139
0.00372031758587572
0.003736762960920855
0.004190767909979891
0.004613292331312136
0.004940919747542747
0.005171620670754532
0.005242883084214486
0.005183753504642548
0.004926321445315116
0.004573185921340343
0.004143948670438999
0.0037372747381142
0.003327420355722866
0.002953342028144641
0.0026258655087115
0.002357176663713284
0.002120367456925979
0.001912945473523916
0.001762773657361871
0.001639421316832142
0.001528879991893445
0.001452408752750282
0.001395658331118255
0.001367577704047042
0.001358075301973662
0.001367490410497025
0.001403908464881195
0.001454124624129934
0.001530507563992466
0.001631631610505173
0.001765274052156227
0.001914549920556576
0.002129988523007298
0.002377333626240691
0.002645155722891696
0.00293665438109646
0.003311293928376338
0.003745705737436538
0.004189597746201835
0.004557966692633297
0.004922024160086871
0.005171748943427067
0.005260805658193752
0.00518339656728883
0.004953931228990679
0.004574923480562608
0.004146516072845064
0.003720488926416754
0.003740024156579851
0.004187202442266612
0.004651231498236664
0.004979636525639181
0.005261406158801461
0.005326918307833568
0.00525615314271807
0.004976604609351862
0.004613143817408421
0.004151171017931494
0.003728444295816805
0.00332090944416108
0.002929815578731717
0.002608549805673458
0.002341115731700975
0.002102152568558969
0.001898054120909928
0.001749893669737292
0.001625226093599071
0.001515708491133955
0.001439797318893572
0.001382592120244049
0.001355986335792168
0.001346459913092338
0.001356594022506396
0.001392568417809246
0.001442534456021288
0.00151583752781284
0.001617147790335926
0.001752133410610539
0.001899217260496413
0.002124155723062231
0.002357818060457996
0.002624478512158401
0.002921324507922783
0.003296973872978709
0.003733588273352514
0.004193979763394505
0.004586656315914288
0.004962861022105196
0.005231413526473982
0.005323359463261474
0.005245411605011302
0.004995777962693512
0.004609149275710159
0.004163179765501402
0.00371763871547605
0.00374205294913534
0.004188342626523613
0.004677370566658506
0.005031872157235064
0.005325027582940036
0.005406469097076786
0.005316676874085713
0.005039431287966877
0.004650553959345825
0.004163281074600817
0.003718955258505077
0.003299123458674403
0.00290349649991256
0.002591234102635416
0.002318471377501494
0.002082550111815503
0.001883254241354587
0.001736070433849641
0.001611030870366
0.001502536990374463
0.001427545046064371
0.001371831780841261
0.001344394967537295
0.001335053018089742
0.001346104999634125
0.00138046948520955
0.001429487600126503
0.001501167491633215
0.001604798522352221
0.001738754276117579
0.001884231174167764
0.002104322988106819
0.002332759993959837
0.00260380130142511
0.002905994634749106
0.003282653817581068
0.003722556534602971
0.004195200863921624
0.00461534593919528
0.005031915037268739
0.005300348938667505
0.005385913268329194
0.005301393823342195
0.005043485712663116
0.004646947462025866
0.004187688478070141
0.003705556776404571
0.00374408174169083
0.004192346362316314
0.004683082182787371
0.005084107788830946
0.005390423943868962
0.005486362633175972
0.005375923522247268
0.005110615499941315
0.004669157307065343
0.004181542400668143
0.003713535602483567
0.00327860124222322
0.002877177421093404
0.002565786751303218
0.002295827023302014
0.002063089760902991
0.001868462285035831
0.00171736980852721
0.001597236896347247
0.001490015702653579
0.00141616511893706
0.001361229586608572
0.001332803599282428
0.001323314025009635
0.001335615976761863
0.001368370552609845
0.001414713019363577
0.001487251087563813
0.00158889868539367
0.001722135562972305
0.001870563664913801
0.002076688949001146
0.002306838013019186
0.002583124090691817
0.002890494930975232
0.003270759187201551
0.00371689752593216
0.004196581021709674
0.004644035562476299
0.00508954371112194
0.005369284350861097
0.005453274327454803
0.005369486825018111
0.005091193462632723
0.00468474564834153
0.00421219719063884
0.003693474837333068
0.003746110534246317
0.004203255616942945
0.004688793798916236
0.005136343420426829
0.005462012308837536
0.005574563458684733
0.00543242906766127
0.005181061153247843
0.004689327624891784
0.004202681268234226
0.003713308550429883
0.00325807902577205
0.002855792375583559
0.002539627242258164
0.002273182669102526
0.002044296571769627
0.001853675408619751
0.00169866918320478
0.001582586346627473
0.001478402393854678
0.00140296151621403
0.001350627392375882
0.001321212231027559
0.0013111736961971
0.001324242108226759
0.001355014785673552
0.001399938438600658
0.001473207302585648
0.001573096334490355
0.001703977459380288
0.001856896155659849
0.002050722638237175
0.00228235278729369
0.002562172931761396
0.002870906335693788
0.003258066390665419
0.003711909913983462
0.004198834210488199
0.0046655111185436
0.005147172384975198
0.005438219763054597
0.005534574481497722
0.005442503851341415
0.005138901212602329
0.004725790598590897
0.004200533819973054
0.003685500878601716
0.003753655766148728
0.004214164871569576
0.004724815567489682
0.005188579052022711
0.005533600673806113
0.005665110612539204
0.005488934613075283
0.005212841381162506
0.004723921292338551
0.004223820135800313
0.003692974224133715
0.00323521230426332
0.002840018340939742
0.00251346773321311
0.002250813713685012
0.002024882533397948
0.001838888532203672
0.00167765341080029
0.001561761207963914
0.001463023912988181
0.001388741167978627
0.001338814148322801
0.001310243445338149
0.001299033367384567
0.001312650403394208
0.001339028211245903
0.001384575232971953
0.001458433262986132
0.001558940398501934
0.001686253936226284
0.00183445026301501
0.002024866232567799
0.002257867561568182
0.002540100940864393
0.002855427328531118
0.003245373594129306
0.003708197816161859
0.00420599727172475
0.004696630120880987
0.005204801058828389
0.005512839739207075
0.005631410632371987
0.005513916327137998
0.005186608962571935
0.004771598349889707
0.004188463693838834
0.003678576390465739
0.003733420725968314
0.00422601907551083
0.004767037770721265
0.005242887340156447
0.005605189038774687
0.005758204109635256
0.005561489907417535
0.005244238543594636
0.004758514959785317
0.004248919333147383
0.003675015705282169
0.003219706273065524
0.002824244306295929
0.002488900281097136
0.002229265561440141
0.002003975033593133
0.001823489758808126
0.001655606806027753
0.001540949374221301
0.001445959970492588
0.001374520819743223
0.001325579445544894
0.001297205515147134
0.001286893038572031
0.001299274285378627
0.001323041636818254
0.001369203403843924
0.00144476222254831
0.001544784462513513
0.001668530413072282
0.00181050715608486
0.002000233257765979
0.002233382335842661
0.002518028949967405
0.002839976756953324
0.003233388914605145
0.003704485718340241
0.004225063566381812
0.004733965863325612
0.0052624297326816
0.005614854543896196
0.005728246783246251
0.005596634527341902
0.005237085173558662
0.004802215128594866
0.004184732069227435
0.003671454664593847
0.003712237036030516
0.004244981083069788
0.004794345892233667
0.00532029094399766
0.005675220125779375
0.005851297606731306
0.005662171935973391
0.005275635706026764
0.004793108627232074
0.004282657017413402
0.0036688184602592
0.003204200241867725
0.002808470271652116
0.002467981558122656
0.002207647593619508
0.001983106551388085
0.00180169253391042
0.00163964307188957
0.001520771906791606
0.001428896027996996
0.001360300471507819
0.001312274693536146
0.001284441671607951
0.001273568932786314
0.001285850441421315
0.001308276497724286
0.001355262233044735
0.00143109118211049
0.001530048078011842
0.001649612506032363
0.001786564049154704
0.001975600282964149
0.002208882202919526
0.002491288981822794
0.002821118317346514
0.003218940840686179
0.003701267848041124
0.00423009098793901
0.004771301605770232
0.005326381174759053
0.005716869348585306
0.00582508293412052
0.0056904537831271
0.005318409950174536
0.004814461578455019
0.004181512582308321
0.003664332938721951
0.003690486414428763
0.004246396409303907
0.004821654013746065
0.005397694547838873
0.005735272668185448
0.005943071925317874
0.005819006492014392
0.00534172052533318
0.004827324348721396
0.004288686017971015
0.003662621215236239
0.003188694210669936
0.002792532304031725
0.002447917994515612
0.002185945250720617
0.001962498134591671
0.00177989530901271
0.001623692407798432
0.001500632321670365
0.001411812515827807
0.001346080123272416
0.001298913288047339
0.001271704941159649
0.001261429137135709
0.001272549214890876
0.00129547620628466
0.00134240764324295
0.001413872983464281
0.001506697467141401
0.001629771261123221
0.001762620942224549
0.001950967308162332
0.002183340514160542
0.002453966178101198
0.002790593173733025
0.003188581271984581
0.00369764593992456
0.00423163140034362
0.004810044798678985
0.005416762879155659
0.005818839045856441
0.005921919084994783
0.005784273038912302
0.005399734726790408
0.00482670802831512
0.004190670827363047
0.003657211212850059
0.003665342475156432
0.004246902381773362
0.004856805318461182
0.005477208806070689
0.0058470898478523
0.006045829820720405
0.005975841048055383
0.005445889505532886
0.004859402168870351
0.004262020472172412
0.003653690117875862
0.003168891902658177
0.002753246074687251
0.002427854430908571
0.002164242907821717
0.001941889717795255
0.001758098084114999
0.0016069880432139
0.001481668646041501
0.001394626034641439
0.00133313288955111
0.001285383063007298
0.001258968210711351
0.001249289341485098
0.001259283087178947
0.001283084356871834
0.001328268105866406
0.001390854570928885
0.001486985254680937
0.001609930016214082
0.001739336107043966
0.001927323089846137
0.002153740661632915
0.002416907007725893
0.002760068030119519
0.003158221703282988
0.003672546563974743
0.004233171812748137
0.004859618494969035
0.005507144583552186
0.005920769899156968
0.006019236574353273
0.005885147452500769
0.005478096768330114
0.004854254123923727
0.004211636599216018
0.003649310845661054
0.003630506128855649
0.004247395126360395
0.004904783971407063
0.005558113007437785
0.005986360215901102
0.006183604321192593
0.006100041871404599
0.005534245172836285
0.004898427537136625
0.004235354926373816
0.003640664051900533
0.003145969474143061
0.002710871967722435
0.002407790867301524
0.00212890342492779
0.001913433372647112
0.001733049516728235
0.001589439560755035
0.001464423849942893
0.001377401698413501
0.001317772798279265
0.001271586495292015
0.001242777376871841
0.001235952454718277
0.001243666823452297
0.001270692507459012
0.001313983115761232
0.001373934143875418
0.001467273042220465
0.001590082627190041
0.001716476181739497
0.00190342133014321
0.002125650058464611
0.002382901624284137
0.002732842757682353
0.003128954113282456
0.003647447188024922
0.004234712225152741
0.004905802703241573
0.005597290661027125
0.006023095049466194
0.006167779630218542
0.006008788915803254
0.005554507740428378
0.004900553111164361
0.004234207995676741
0.003638947924909632
0.003591294265176648
0.0042210853409199
0.004953621727901572
0.005639166014765378
0.006122010344080905
0.006319678861255811
0.006215102104461815
0.00561274191966363
0.004937452905402887
0.004208689380575211
0.003619216275100569
0.003119030507683904
0.002669691441081033
0.002383927873207443
0.002089990017230211
0.001884004725336822
0.001706975618367362
0.001569125942883529
0.00144717905384429
0.001360177362185559
0.00129950666121172
0.00125778992757673
0.001225477272353808
0.001220922515419151
0.001228050559725646
0.001257707515027079
0.001299892381559438
0.001357013716821934
0.001447560829760002
0.001568523505205598
0.001693616256435032
0.001879411037208191
0.002097559455296306
0.002355774106074333
0.002710831796700961
0.003102328648936942
0.003623603415253628
0.004233813994271168
0.004933393334667633
0.005680037161992519
0.006148206131158017
0.006317415793835556
0.006132499572409664
0.005631261979178101
0.004943439887070772
0.00426679729904375
0.003623046355854833
0.003551868924790039
0.004187114626019587
0.004995234095371524
0.005721274835812657
0.00625993502293856
0.006455753401319034
0.006351880511576291
0.005720540292671501
0.004975520215901549
0.004182580275241735
0.003597768498300612
0.00308179580757194
0.002632710176269262
0.002342006872713781
0.002052077027947913
0.001852316631863228
0.00168090172000649
0.001544181115475854
0.001429226568334667
0.001342953025957617
0.001281067312898977
0.001243993359861448
0.001208610250902475
0.001205892576120023
0.001212434295998997
0.001243495710249083
0.001286820113339573
0.001340093289768456
0.001428193974338154
0.001546398845723355
0.001670756331130564
0.001855105272347475
0.002068625873663973
0.002329305147054006
0.002688820835719575
0.003053732649477879
0.003602461730193716
0.00423129375584306
0.004960983966093692
0.005787751622489908
0.006290031840743875
0.00646705195745256
0.006259424660324111
0.005710451776554481
0.004986326662977174
0.004256950697334157
0.003607144786800028
0.003512443584403428
0.004169217312941831
0.005009726380629348
0.005803383656859937
0.006408299286953452
0.006608506808115171
0.006497722635267938
0.005822207423762289
0.004994083371828181
0.004157650732122186
0.003563506811236648
0.003055030229680779
0.00260355249330037
0.00229984939073786
0.002018325122119573
0.001820312711724115
0.001655146895779925
0.001519189685290229
0.001407419228773102
0.001327918293600215
0.00126311054240084
0.001229232610833708
0.001193357239902617
0.001189069345370655
0.001197101922305074
0.001227845978268573
0.001271354334865489
0.001323952806256215
0.001409291055562109
0.001521930598560848
0.001648148128821518
0.00183079950748678
0.002032102150955409
0.002302836188033704
0.002647189285639327
0.003002665874012787
0.003564371465257302
0.004228773517414941
0.004988553030763839
0.005869041848768112
0.006427241546797673
0.006638981863225931
0.006401103136547401
0.005789641573930859
0.005029676488449106
0.004237090390756846
0.00356763284061761
0.00347084919052628
0.004187894293363094
0.005031814273428824
0.005896296582447643
0.006584118761780482
0.006782080814843962
0.006640009924512343
0.005947961470831012
0.005012646527754816
0.004154506309926232
0.003527088092271816
0.003018349625550242
0.002579090264896409
0.002256619096274322
0.001993192390833917
0.001788892615879652
0.00163020455718041
0.001494856165503849
0.001385611889211533
0.001313290096029024
0.001246131699315013
0.001212464458228618
0.001179552050032851
0.001173831034393435
0.001182725472374186
0.001211950449277937
0.001253946403675044
0.001306076971559984
0.001390388136786069
0.001497005237863948
0.001625565498377667
0.001808387310772531
0.001993577271127139
0.002265779201242572
0.002575590979919434
0.002957790252487435
0.003520509521536961
0.004182252968373381
0.005013213471734326
0.005941851402551494
0.00657559316974709
0.006834442196123806
0.006566501433762095
0.005880372118379732
0.005058057086374637
0.004217965997586511
0.003524373730939631
0.003427069159539231
0.004198214892558256
0.005059396572912433
0.005992721633853036
0.006767845296288714
0.006955208577950343
0.006777955318731249
0.006027377369959304
0.005031209683681452
0.004158023021174099
0.003491359896701001
0.002980847293272682
0.002554628036492443
0.002212627897619832
0.001968059659548261
0.001758268040123122
0.001605262218580896
0.001474098331510767
0.001363804549649969
0.001296808402122204
0.001229458315808256
0.001195696305623528
0.001166375315678544
0.001159067181887637
0.00116850716062476
0.001196036030726601
0.001236466907472377
0.001288983407659652
0.001371485218010025
0.001473185052381144
0.001602982867933813
0.001777346966612588
0.001956601351463694
0.002227813740448024
0.002503992674199537
0.002912914630962101
0.003476647577816648
0.004132856295724646
0.005037873912704814
0.006014660956334739
0.006734013485772255
0.007029874470663963
0.006743431923216912
0.005976222038386329
0.005046764534971318
0.00419630008586386
0.00348486500565573
0.003391058478600462
0.004190734651375306
0.005075480927280066
0.006092113913746749
0.006919212778044408
0.00712833634105677
0.00691590071295016
0.006104863642991603
0.005052193589104001
0.004161539732422007
0.00345563170113023
0.002943344960995103
0.002530165808088518
0.002169632966479775
0.001942926928262593
0.001729226739606336
0.001580319879981406
0.001453513077690794
0.001342198648935136
0.001277895273385794
0.001213684883790362
0.001178928153018409
0.001153198581324267
0.001144303329381748
0.001154288848875367
0.001180121612175254
0.001218987411269723
0.001271889843759405
0.001352393041763461
0.001450560742277391
0.001582945142290591
0.001743005824177355
0.001919625431800399
0.002188784324687517
0.002452684965681949
0.002868039009436569
0.003432785634096245
0.004083459623075842
0.005068312263973127
0.006087470510117855
0.006908403476437649
0.00722170977395117
0.006903983280578873
0.006084125917828509
0.005084912572399291
0.004169762844299386
0.003452938666189405
0.003355047797661693
0.004145332246522726
0.005079459500485111
0.00620331787479067
0.007110472866724458
0.007469106863969802
0.007155481178729079
0.006194098518601605
0.005054261423066158
0.004103216789692658
0.003397176863785422
0.00287482882668735
0.002467777488322928
0.0021304356876903
0.001903815772206062
0.0017023433197122
0.001548718260356205
0.001427352112471812
0.001324019057014078
0.00125474692394576
0.001196318722037251
0.001159267277430923
0.001136310217187719
0.001128247510932324
0.001137135591737432
0.001159439642143312
0.001197565907111301
0.001253350955519283
0.001330712749479829
0.001425100766817917
0.001551105489158941
0.001705150988131786
0.001885702216120084
0.002142774984423278
0.002399929543543098
0.002832838858996889
0.003367652281024073
0.004067555426599203
0.005063193151660294
0.006215532838704676
0.0071542041269439
0.007499531234299983
0.007097552331510313
0.006199454801606259
0.005079596933222783
0.004143225602734923
0.003390528130718214
0.003319037116722929
0.004099929841670146
0.005084642974477916
0.006314910093521616
0.007339393518854941
0.007809877386882821
0.00733679354025439
0.006283333394211606
0.005056329257028349
0.004057020640726284
0.003338722026440599
0.002806312692379596
0.002405389168557333
0.002092623971787186
0.001864445659432599
0.001675419428649483
0.001517116640731001
0.001401191147252831
0.001305977407880005
0.001232985601731833
0.001179055860028219
0.001139606401843437
0.001119421853051164
0.001112191692482924
0.001119982334599501
0.001138757672111362
0.001176144402952879
0.001234812067279166
0.001309217907087681
0.001400964596092227
0.001523586016259471
0.001667296152086217
0.001851779000439782
0.002097499641264455
0.002358343113005076
0.002799041988355786
0.003302518927951893
0.004048810528550446
0.005053285141997644
0.006343595167291479
0.007382310075314877
0.007767654232242391
0.007329149863158779
0.006311887974700949
0.005029361853260242
0.004106269147576331
0.003295284151022206
0.003259681433490672
0.004054527436817568
0.005111923157693619
0.006430965881668587
0.007588893869633591
0.008137170076144833
0.007553116471386104
0.006404629991474346
0.005041459191889405
0.004027399865375401
0.003288830997961261
0.002741722793879785
0.00234165228443802
0.002054812255884071
0.001824820926833464
0.001647337953192796
0.001486665605071049
0.001374153164445484
0.001287935758745919
0.001212764853863916
0.001161825841870152
0.001120460943402495
0.001103017867627258
0.00109618976658019
0.001103039593797906
0.001118488309668505
0.001154910111190532
0.001216434615715148
0.001287723064695529
0.001377577423622754
0.001496016463642463
0.001630004579090344
0.001818175293381071
0.002052099108312294
0.002323574159731721
0.002766632257835502
0.003257848075520895
0.004025982729766066
0.005040753447276966
0.006483074721465519
0.007603704810038858
0.008039523828181294
0.007582848566807753
0.006407880260968838
0.005057979616508597
0.004017680374943984
0.003200040171326183
0.003198751441581437
0.003969545475553913
0.005059696451817746
0.006524813606795867
0.00786601752846618
0.008452474718777716
0.007834914519633543
0.006533181766707276
0.004992045994643818
0.003982780349111709
0.003245604025022646
0.002678443882449144
0.002270450819380964
0.002011823770466077
0.001783773888042559
0.001619256477736111
0.001457663357060506
0.001343422135195067
0.001268321340851573
0.001192544105996007
0.001144562085657011
0.001103053541913646
0.001087643548159288
0.001080309988164858
0.001085413556570427
0.001101314073229195
0.001136783957885146
0.001199039007159411
0.001266228222303378
0.001349059987578212
0.001464860437653845
0.001594128443291024
0.001786338769578225
0.002002919273927466
0.002288805206458365
0.002720153373791443
0.003201087698685365
0.004003154930981637
0.005021652024092583
0.006561361858072657
0.007866438586739109
0.008401648753800006
0.00785488146018689
0.006551981945693634
0.005030531025159156
0.003933619727572867
0.00312712473489471
0.003137821449672216
0.003879216719411416
0.004998780990300804
0.006648294493738122
0.008166238403171005
0.008756094636912907
0.008191771013990792
0.006663247930691206
0.004943324357937796
0.003894844077239345
0.003158344227761505
0.002603455727578311
0.002208653502225451
0.001961600836537334
0.001742051418368712
0.001584055817388988
0.001422538966094776
0.001313868524554789
0.001245804406451369
0.001171004137674414
0.001127181023217128
0.001086233734252733
0.001071527487293185
0.001064165543296383
0.001068029816791719
0.001083445050755872
0.001120415015492468
0.001181666934937716
0.001242858462429648
0.001318477233909126
0.00143370441166523
0.001567373134289752
0.001751118066493695
0.001953873249047429
0.002245538749219646
0.002639811425123962
0.003142602798628305
0.003910166942014441
0.005007550575603018
0.006638414100288748
0.008165335687273113
0.008733878992332099
0.008199179151827092
0.006671393041603161
0.005006716745932236
0.003854199956153051
0.003054358548613348
0.003074495475135483
0.003790049219893494
0.004936990826448497
0.006762346816050158
0.008509391545423375
0.009014153252067853
0.00851780248311635
0.006829210633953693
0.004879845530556599
0.003806907805366977
0.003062812230997225
0.002529490984348484
0.002147752418727616
0.001910176596243066
0.001700328948694865
0.00154491157561001
0.001391205099569404
0.001285761895211917
0.001221434439080666
0.001149086476701896
0.001109799960777243
0.00107025381173243
0.001055049691056123
0.001049114435053785
0.001051078228579916
0.001067857322545605
0.001103798483591945
0.001164283945917218
0.001218898176498844
0.001293653282220798
0.001398961731279698
0.001540629848747447
0.001716011820099
0.001906024059464396
0.002199340610466796
0.002556303546219131
0.003061511126806019
0.003776291489362748
0.004990817546683961
0.006765899351261475
0.008506740873391065
0.008937500085711
0.008512757115344639
0.00681919257817267
0.004914487083636835
0.003774780184733228
0.002980069202894578
